DATE -- CURRENCY -- LAST -- QUOTE_VOLUME -- PER_CHG -- 24_HIGH -- 24_LOW -- HIGH_BID -- LOW_ASK -- BASE_VOLUME - ID - F -
2020-02-24 12:33:25 BTC_ETH 0.02760603 2247.42231590 0.00759252 0.02779999 0.02727274 0.02758933 0.02761071 887.79697476 148 0
2020-02-24 12:32:54 BTC_ETH 0.02762121 2247.42231590 0.00814657 0.02779999 0.02727274 0.02762120 0.02762121 887.79697476 148 0
2020-02-24 12:32:42 BTC_ETH 0.02762247 2247.42231590 0.00819219 0.02779999 0.02727274 0.02762170 0.02763509 887.79697476 148 0
2020-02-24 12:32:12 BTC_ETH 0.02761350 2246.83296399 0.00775114 0.02779999 0.02727274 0.02761349 0.02761350 887.78069359 148 0
2020-02-24 12:31:42 BTC_ETH 0.02762550 2246.83296399 0.00818908 0.02779999 0.02727274 0.02761772 0.02762531 887.78069359 148 0
2020-02-24 12:31:12 BTC_ETH 0.02763501 2242.08113678 0.00853615 0.02779999 0.02727274 0.02762610 0.02763634 887.64934193 148 0
2020-02-24 12:30:42 BTC_ETH 0.02762202 2242.08113678 0.00806208 0.02779999 0.02727274 0.02762201 0.02762202 887.64934193 148 0
2020-02-24 12:30:11 BTC_ETH 0.02762202 2202.81248540 0.00805546 0.02779999 0.02727274 0.02762201 0.02762202 886.55549881 148 0
2020-02-24 12:29:41 BTC_ETH 0.02763309 2202.81248540 0.00902691 0.02779999 0.02727274 0.02763509 0.02763510 886.55549881 148 0
2020-02-24 12:29:11 BTC_ETH 0.02763307 2216.46320262 0.00902655 0.02779999 0.02727274 0.02763306 0.02763512 886.92905074 148 0
2020-02-24 12:28:41 BTC_ETH 0.02763302 2216.46320262 0.00805774 0.02779999 0.02727274 0.02763301 0.02763453 886.92905074 148 0
2020-02-24 12:28:11 BTC_ETH 0.02763405 2218.04407022 0.00783538 0.02779999 0.02727274 0.02763404 0.02764553 886.97125564 148 0
2020-02-24 12:27:40 BTC_ETH 0.02764601 2218.04407022 0.00857834 0.02779999 0.02727274 0.02764600 0.02764601 886.97125564 148 0
2020-02-24 12:27:10 BTC_ETH 0.02763405 2214.38052520 0.00814202 0.02779999 0.02727274 0.02763405 0.02763406 886.86798234 148 0
2020-02-24 12:26:40 BTC_ETH 0.02762282 2214.38052520 0.00742471 0.02779999 0.02727274 0.02762283 0.02763633 886.86798234 148 0
2020-02-24 12:26:10 BTC_ETH 0.02764099 2210.74240920 0.00808775 0.02779999 0.02727274 0.02764098 0.02764099 886.76708682 148 0
2020-02-24 12:25:39 BTC_ETH 0.02764001 2210.74240920 0.00797003 0.02779999 0.02727274 0.02764000 0.02764099 886.76708682 148 0
2020-02-24 12:25:09 BTC_ETH 0.02765650 2210.74240920 0.00857138 0.02779999 0.02727274 0.02765649 0.02765650 886.76708682 148 0
2020-02-24 12:23:56 BTC_ETH 0.02767218 2216.45635932 0.00914320 0.02779999 0.02727274 0.02767218 0.02767219 886.92270657 148 0
