DATE -- CURRENCY -- LAST -- QUOTE_VOLUME -- PER_CHG -- 24_HIGH -- 24_LOW -- HIGH_BID -- LOW_ASK -- BASE_VOLUME - ID - F -
2020-02-24 12:33:25 BTC_XEM 0.00000608 29610.15141923 -0.01138211 0.00000619 0.00000603 0.00000609 0.00000610 3.84752386 112 0
2020-02-24 12:32:54 BTC_XEM 0.00000608 29610.15141923 -0.01138211 0.00000619 0.00000603 0.00000609 0.00000610 3.84752386 112 0
2020-02-24 12:32:42 BTC_XEM 0.00000608 29610.15141923 -0.01138211 0.00000619 0.00000603 0.00000609 0.00000610 3.84752386 112 0
2020-02-24 12:32:12 BTC_XEM 0.00000608 29610.15141923 -0.01138211 0.00000619 0.00000603 0.00000607 0.00000610 3.84752386 112 0
2020-02-24 12:31:42 BTC_XEM 0.00000608 29610.15141923 -0.01138211 0.00000619 0.00000603 0.00000607 0.00000610 3.84752386 112 0
2020-02-24 12:31:12 BTC_XEM 0.00000608 29610.15141923 -0.01138211 0.00000619 0.00000603 0.00000607 0.00000610 3.84752386 112 0
2020-02-24 12:30:42 BTC_XEM 0.00000608 29610.15141923 -0.01138211 0.00000619 0.00000603 0.00000607 0.00000610 3.84752386 112 0
2020-02-24 12:30:11 BTC_XEM 0.00000608 29610.15141923 -0.01138211 0.00000619 0.00000603 0.00000607 0.00000610 3.84752386 112 0
2020-02-24 12:29:41 BTC_XEM 0.00000608 29610.15141923 -0.01138211 0.00000619 0.00000603 0.00000607 0.00000610 3.84752386 112 0
2020-02-24 12:29:11 BTC_XEM 0.00000608 29610.15141923 -0.01138211 0.00000619 0.00000603 0.00000607 0.00000610 3.84752386 112 0
2020-02-24 12:28:41 BTC_XEM 0.00000608 29610.15141923 -0.01138211 0.00000619 0.00000603 0.00000607 0.00000610 3.84752386 112 0
2020-02-24 12:28:11 BTC_XEM 0.00000608 29610.15141923 -0.01138211 0.00000619 0.00000603 0.00000607 0.00000610 3.84752386 112 0
2020-02-24 12:27:40 BTC_XEM 0.00000608 29610.15141923 -0.01138211 0.00000619 0.00000603 0.00000607 0.00000610 3.84752386 112 0
2020-02-24 12:27:10 BTC_XEM 0.00000608 29610.15141923 -0.01138211 0.00000619 0.00000603 0.00000607 0.00000610 3.84752386 112 0
2020-02-24 12:26:40 BTC_XEM 0.00000608 29610.15141923 -0.01138211 0.00000619 0.00000603 0.00000607 0.00000610 3.84752386 112 0
2020-02-24 12:26:10 BTC_XEM 0.00000608 29610.15141923 -0.01138211 0.00000619 0.00000603 0.00000607 0.00000610 3.84752386 112 0
2020-02-24 12:25:39 BTC_XEM 0.00000608 29610.15141923 -0.01138211 0.00000619 0.00000603 0.00000607 0.00000610 3.84752386 112 0
2020-02-24 12:25:09 BTC_XEM 0.00000608 29610.15141923 -0.01138211 0.00000619 0.00000603 0.00000607 0.00000610 3.84752386 112 0
2020-02-24 12:23:56 BTC_XEM 0.00000608 29610.15141923 -0.01138211 0.00000619 0.00000603 0.00000607 0.00000610 3.84752386 112 0
