DATE -- CURRENCY -- LAST -- QUOTE_VOLUME -- PER_CHG -- 24_HIGH -- 24_LOW -- HIGH_BID -- LOW_ASK -- BASE_VOLUME - ID - F -
2020-02-24 12:33:25 BTC_BCHSV 0.02830243 31.78451334 -0.04219853 0.03012428 0.02773754 0.02833449 0.02841038 59.33211542 238 0
2020-02-24 12:32:54 BTC_BCHSV 0.02830243 31.78451334 -0.04219853 0.03012428 0.02773754 0.02831353 0.02840361 59.33211542 238 0
2020-02-24 12:32:42 BTC_BCHSV 0.02830243 31.78451334 -0.04219853 0.03012428 0.02773754 0.02831350 0.02840973 59.33211542 238 0
2020-02-24 12:32:12 BTC_BCHSV 0.02830243 31.78037334 -0.04219853 0.03012428 0.02773754 0.02830624 0.02839065 59.33199821 238 0
2020-02-24 12:31:42 BTC_BCHSV 0.02828799 31.78037334 -0.04268720 0.03012428 0.02773754 0.02828812 0.02836901 59.33199821 238 0
2020-02-24 12:31:12 BTC_BCHSV 0.02828799 31.26051562 -0.04268720 0.03012428 0.02773754 0.02828803 0.02839399 59.31729248 238 0
2020-02-24 12:30:42 BTC_BCHSV 0.02832867 31.26051562 -0.04131052 0.03012428 0.02773754 0.02832887 0.02843142 59.31729248 238 0
2020-02-24 12:30:11 BTC_BCHSV 0.02832867 31.26051562 -0.04131052 0.03012428 0.02773754 0.02832887 0.02845586 59.31729248 238 0
2020-02-24 12:29:41 BTC_BCHSV 0.02832867 31.26051562 -0.04131052 0.03012428 0.02773754 0.02832882 0.02842548 59.31729248 238 0
2020-02-24 12:29:11 BTC_BCHSV 0.02832867 31.24678455 -0.04131052 0.03012428 0.02773754 0.02832873 0.02843345 59.31690240 238 0
2020-02-24 12:28:41 BTC_BCHSV 0.02843650 31.24678455 -0.03766137 0.03012428 0.02773754 0.02832866 0.02843650 59.31690240 238 0
2020-02-24 12:28:11 BTC_BCHSV 0.02836442 31.24689743 -0.03845414 0.03012428 0.02773754 0.02832458 0.02845281 59.31690573 238 0
2020-02-24 12:27:40 BTC_BCHSV 0.02836442 31.24689743 -0.03845414 0.03012428 0.02773754 0.02832172 0.02844200 59.31690573 238 0
2020-02-24 12:27:10 BTC_BCHSV 0.02836442 30.25081696 -0.03845414 0.03012428 0.02773754 0.02831588 0.02842967 59.28865249 238 0
2020-02-24 12:26:40 BTC_BCHSV 0.02831199 30.25081696 -0.04023150 0.03012428 0.02773754 0.02831203 0.02844104 59.28865249 238 0
2020-02-24 12:26:10 BTC_BCHSV 0.02836434 30.24927432 -0.03845685 0.03012428 0.02773754 0.02836438 0.02845635 59.28861110 238 0
2020-02-24 12:25:39 BTC_BCHSV 0.02844226 30.24927432 -0.03629432 0.03012428 0.02773754 0.02836275 0.02845635 59.28861110 238 0
2020-02-24 12:25:09 BTC_BCHSV 0.02844226 30.24927432 -0.03629432 0.03012428 0.02773754 0.02834860 0.02845635 59.28861110 238 0
2020-02-24 12:23:56 BTC_BCHSV 0.02843090 22.45631935 -0.03667923 0.03012428 0.02773754 0.02831141 0.02842528 59.06696221 238 0
