DATE -- CURRENCY -- LAST -- QUOTE_VOLUME -- PER_CHG -- 24_HIGH -- 24_LOW -- HIGH_BID -- LOW_ASK -- BASE_VOLUME - ID - F -
2020-02-24 12:33:25 BTC_ETC 0.00095747 774.18577135 -0.02266069 0.00098914 0.00094576 0.00095461 0.00095632 10.40901408 171 0
2020-02-24 12:32:54 BTC_ETC 0.00095747 774.18577135 -0.02266069 0.00098914 0.00094576 0.00095443 0.00095632 10.40901408 171 0
2020-02-24 12:32:42 BTC_ETC 0.00095747 774.18577135 -0.02266069 0.00098914 0.00094576 0.00095430 0.00095632 10.40901408 171 0
2020-02-24 12:32:12 BTC_ETC 0.00095747 774.18577135 -0.02266069 0.00098914 0.00094576 0.00095386 0.00095627 10.40901408 171 0
2020-02-24 12:31:42 BTC_ETC 0.00095747 774.18577135 -0.02266069 0.00098914 0.00094576 0.00095364 0.00095641 10.40901408 171 0
2020-02-24 12:31:12 BTC_ETC 0.00095747 774.18577135 -0.02266069 0.00098914 0.00094576 0.00095356 0.00095680 10.40901408 171 0
2020-02-24 12:30:42 BTC_ETC 0.00095747 774.18577135 -0.02266069 0.00098914 0.00094576 0.00095490 0.00095705 10.40901408 171 0
2020-02-24 12:30:11 BTC_ETC 0.00095747 774.18335199 -0.02266069 0.00098914 0.00094576 0.00095479 0.00095747 10.40901176 171 0
2020-02-24 12:29:41 BTC_ETC 0.00095717 774.18335199 -0.01852877 0.00098914 0.00094576 0.00095410 0.00095763 10.40901176 171 0
2020-02-24 12:29:11 BTC_ETC 0.00095717 775.18703255 -0.01852877 0.00098914 0.00094576 0.00095578 0.00095777 10.40999059 171 0
2020-02-24 12:28:41 BTC_ETC 0.00095717 775.18703255 -0.01852877 0.00098914 0.00094576 0.00095568 0.00095775 10.40999059 171 0
2020-02-24 12:28:11 BTC_ETC 0.00095717 775.18703255 -0.01852877 0.00098914 0.00094576 0.00095556 0.00095779 10.40999059 171 0
2020-02-24 12:27:40 BTC_ETC 0.00095717 775.18703255 -0.01852877 0.00098914 0.00094576 0.00095540 0.00095781 10.40999059 171 0
2020-02-24 12:27:10 BTC_ETC 0.00095717 775.18703255 -0.01852877 0.00098914 0.00094576 0.00095495 0.00095781 10.40999059 171 0
2020-02-24 12:26:40 BTC_ETC 0.00095717 775.18703255 -0.01852877 0.00098914 0.00094576 0.00095440 0.00095781 10.40999059 171 0
2020-02-24 12:26:10 BTC_ETC 0.00095717 775.18703255 -0.01852877 0.00098914 0.00094576 0.00095591 0.00095814 10.40999059 171 0
2020-02-24 12:25:39 BTC_ETC 0.00095717 775.18703255 -0.01852877 0.00098914 0.00094576 0.00095580 0.00095826 10.40999059 171 0
2020-02-24 12:25:09 BTC_ETC 0.00095717 775.18703255 -0.01852877 0.00098914 0.00094576 0.00095574 0.00095858 10.40999059 171 0
2020-02-24 12:23:56 BTC_ETC 0.00095857 775.17942674 -0.01734512 0.00098914 0.00094576 0.00095712 0.00095937 10.40998331 171 0
