DATE -- CURRENCY -- LAST -- QUOTE_VOLUME -- PER_CHG -- 24_HIGH -- 24_LOW -- HIGH_BID -- LOW_ASK -- BASE_VOLUME - ID - F -
2020-02-24 12:33:25 BTC_KNC 0.00006206 3128.86156572 0.06815834 0.00006500 0.00005664 0.00005948 0.00006140 0.82180575 207 0
2020-02-24 12:32:54 BTC_KNC 0.00006206 3128.86156572 0.06815834 0.00006500 0.00005664 0.00006026 0.00006140 0.82180575 207 0
2020-02-24 12:32:42 BTC_KNC 0.00006206 3128.86156572 0.06815834 0.00006500 0.00005664 0.00006026 0.00006140 0.82180575 207 0
2020-02-24 12:32:12 BTC_KNC 0.00006206 3128.86156572 0.06815834 0.00006500 0.00005664 0.00006003 0.00006140 0.82180575 207 0
2020-02-24 12:31:42 BTC_KNC 0.00006206 3128.86156572 0.06815834 0.00006500 0.00005664 0.00005981 0.00006140 0.82180575 207 0
2020-02-24 12:31:12 BTC_KNC 0.00006206 3128.86156572 0.06815834 0.00006500 0.00005664 0.00005954 0.00006140 0.82180575 207 0
2020-02-24 12:30:42 BTC_KNC 0.00006206 3128.86156572 0.06815834 0.00006500 0.00005664 0.00006030 0.00006140 0.82180575 207 0
2020-02-24 12:30:11 BTC_KNC 0.00006206 3128.86156572 0.06815834 0.00006500 0.00005664 0.00006006 0.00006140 0.82180575 207 0
2020-02-24 12:29:41 BTC_KNC 0.00006206 3128.86156572 0.06815834 0.00006500 0.00005664 0.00005979 0.00006190 0.82180575 207 0
2020-02-24 12:29:11 BTC_KNC 0.00006206 3128.86156572 0.06815834 0.00006500 0.00005664 0.00005949 0.00006141 0.82180575 207 0
2020-02-24 12:28:41 BTC_KNC 0.00006206 3128.86156572 0.06815834 0.00006500 0.00005664 0.00006040 0.00006141 0.82180575 207 0
2020-02-24 12:28:11 BTC_KNC 0.00006206 3128.86156572 0.06815834 0.00006500 0.00005664 0.00006040 0.00006141 0.82180575 207 0
2020-02-24 12:27:40 BTC_KNC 0.00006206 3128.86156572 0.06815834 0.00006500 0.00005664 0.00006033 0.00006141 0.82180575 207 0
2020-02-24 12:27:10 BTC_KNC 0.00006206 3128.86156572 0.06815834 0.00006500 0.00005664 0.00006008 0.00006141 0.82180575 207 0
2020-02-24 12:26:40 BTC_KNC 0.00006206 3128.86156572 0.06815834 0.00006500 0.00005664 0.00005984 0.00006141 0.82180575 207 0
2020-02-24 12:26:10 BTC_KNC 0.00006206 3128.86156572 0.06815834 0.00006500 0.00005664 0.00005961 0.00006249 0.82180575 207 0
2020-02-24 12:25:39 BTC_KNC 0.00006206 3128.86156572 0.06815834 0.00006500 0.00005664 0.00006031 0.00006206 0.82180575 207 0
2020-02-24 12:25:09 BTC_KNC 0.00006206 3128.86156572 0.06815834 0.00006500 0.00005664 0.00006008 0.00006206 0.82180575 207 0
2020-02-24 12:23:56 BTC_KNC 0.00006206 3128.86156572 0.06815834 0.00006500 0.00005664 0.00006039 0.00006206 0.82180575 207 0
