DATE -- CURRENCY -- LAST -- QUOTE_VOLUME -- PER_CHG -- 24_HIGH -- 24_LOW -- HIGH_BID -- LOW_ASK -- BASE_VOLUME - ID - F -
2020-02-24 12:33:25 BTC_XMR 0.00820977 584.13730726 -0.03291252 0.00865844 0.00820000 0.00820983 0.00822718 38.61787005 114 0
2020-02-24 12:32:54 BTC_XMR 0.00820975 584.13730726 -0.03291487 0.00865844 0.00820000 0.00820975 0.00822872 38.61787005 114 0
2020-02-24 12:32:42 BTC_XMR 0.00820567 584.13730726 -0.03390874 0.00865844 0.00820000 0.00820858 0.00823059 38.61787005 114 0
2020-02-24 12:32:12 BTC_XMR 0.00820567 584.13516576 -0.03390874 0.00865844 0.00820000 0.00820644 0.00821952 38.61785258 114 0
2020-02-24 12:31:42 BTC_XMR 0.00820567 584.13516576 -0.03390874 0.00865844 0.00820000 0.00820574 0.00821978 38.61785258 114 0
2020-02-24 12:31:12 BTC_XMR 0.00822297 584.13516576 -0.02860447 0.00865844 0.00820000 0.00820545 0.00822026 38.61785258 114 0
2020-02-24 12:30:42 BTC_XMR 0.00822297 584.13516576 -0.02860447 0.00865844 0.00820000 0.00820539 0.00822275 38.61785258 114 0
2020-02-24 12:30:11 BTC_XMR 0.00822297 584.13516576 -0.02860447 0.00865844 0.00820000 0.00821520 0.00823179 38.61785258 114 0
2020-02-24 12:29:41 BTC_XMR 0.00822297 584.13516576 -0.02860447 0.00865844 0.00820000 0.00821515 0.00823623 38.61785258 114 0
2020-02-24 12:29:11 BTC_XMR 0.00822297 584.13582659 -0.02860447 0.00865844 0.00820000 0.00821186 0.00825362 38.61785818 114 0
2020-02-24 12:28:41 BTC_XMR 0.00822297 584.13582659 -0.02860447 0.00865844 0.00820000 0.00821002 0.00823346 38.61785818 114 0
2020-02-24 12:28:11 BTC_XMR 0.00822297 584.13586439 -0.02860447 0.00865844 0.00820000 0.00822001 0.00823755 38.61785850 114 0
2020-02-24 12:27:40 BTC_XMR 0.00822297 584.13586439 -0.02860447 0.00865844 0.00820000 0.00822001 0.00823893 38.61785850 114 0
2020-02-24 12:27:10 BTC_XMR 0.00822297 584.13371918 -0.02860447 0.00865844 0.00820000 0.00822001 0.00824121 38.61784086 114 0
2020-02-24 12:26:40 BTC_XMR 0.00822297 584.13371918 -0.02860447 0.00865844 0.00820000 0.00822001 0.00824479 38.61784086 114 0
2020-02-24 12:26:10 BTC_XMR 0.00822051 582.92329606 -0.02889507 0.00865844 0.00820000 0.00822049 0.00824730 38.60789257 114 0
2020-02-24 12:25:39 BTC_XMR 0.00820000 582.92329606 -0.02999216 0.00865844 0.00820000 0.00820005 0.00821824 38.60789257 114 0
2020-02-24 12:25:09 BTC_XMR 0.00820000 582.92329606 -0.02999216 0.00865844 0.00820000 0.00820000 0.00820741 38.60789257 114 0
2020-02-24 12:23:56 BTC_XMR 0.00820000 580.92341248 -0.02999216 0.00865844 0.00820000 0.00820057 0.00821874 38.59149353 114 0
