DATE -- CURRENCY -- LAST -- QUOTE_VOLUME -- PER_CHG -- 24_HIGH -- 24_LOW -- HIGH_BID -- LOW_ASK -- BASE_VOLUME - ID - F -
2020-02-24 12:33:25 BTC_XRP 0.00002794 1447212.28573550 -0.01861608 0.00002857 0.00002780 0.00002793 0.00002796 322.41227060 117 0
2020-02-24 12:32:54 BTC_XRP 0.00002793 1447212.28573550 -0.01896733 0.00002857 0.00002780 0.00002793 0.00002794 322.41227060 117 0
2020-02-24 12:32:42 BTC_XRP 0.00002793 1447212.28573550 -0.01896733 0.00002857 0.00002780 0.00002793 0.00002794 322.41227060 117 0
2020-02-24 12:32:12 BTC_XRP 0.00002793 1447211.38159844 -0.01896733 0.00002857 0.00002780 0.00002793 0.00002794 322.41237345 117 0
2020-02-24 12:31:42 BTC_XRP 0.00002794 1447211.38159844 -0.01861608 0.00002857 0.00002780 0.00002793 0.00002794 322.41237345 117 0
2020-02-24 12:31:12 BTC_XRP 0.00002795 1447211.38159844 -0.01826484 0.00002857 0.00002780 0.00002793 0.00002795 322.41237345 117 0
2020-02-24 12:30:42 BTC_XRP 0.00002795 1447211.38159844 -0.01826484 0.00002857 0.00002780 0.00002795 0.00002796 322.41237345 117 0
2020-02-24 12:30:11 BTC_XRP 0.00002794 1436244.54753964 -0.01861608 0.00002857 0.00002780 0.00002793 0.00002795 322.10891434 117 0
2020-02-24 12:29:41 BTC_XRP 0.00002794 1436244.54753964 -0.01792618 0.00002857 0.00002780 0.00002793 0.00002795 322.10891434 117 0
2020-02-24 12:29:11 BTC_XRP 0.00002795 1441365.88401038 -0.01757469 0.00002857 0.00002780 0.00002795 0.00002796 322.25463300 117 0
2020-02-24 12:28:41 BTC_XRP 0.00002795 1441365.88401038 -0.01757469 0.00002857 0.00002780 0.00002795 0.00002796 322.25463300 117 0
2020-02-24 12:28:11 BTC_XRP 0.00002795 1428243.13987545 -0.01791988 0.00002857 0.00002780 0.00002795 0.00002796 321.88964049 117 0
2020-02-24 12:27:40 BTC_XRP 0.00002797 1428243.13987545 -0.01721714 0.00002857 0.00002780 0.00002796 0.00002798 321.88964049 117 0
2020-02-24 12:27:10 BTC_XRP 0.00002796 1429798.24548355 -0.01756851 0.00002857 0.00002780 0.00002795 0.00002797 321.94276761 117 0
2020-02-24 12:26:40 BTC_XRP 0.00002794 1429798.24548355 -0.01827125 0.00002857 0.00002780 0.00002793 0.00002794 321.94276761 117 0
2020-02-24 12:26:10 BTC_XRP 0.00002793 1437913.45578257 -0.01862262 0.00002857 0.00002780 0.00002792 0.00002794 322.17449981 117 0
2020-02-24 12:25:39 BTC_XRP 0.00002792 1437913.45578257 -0.01862917 0.00002857 0.00002780 0.00002792 0.00002793 322.17449981 117 0
2020-02-24 12:25:09 BTC_XRP 0.00002792 1437913.45578257 -0.01862917 0.00002857 0.00002780 0.00002792 0.00002793 322.17449981 117 0
2020-02-24 12:23:56 BTC_XRP 0.00002793 1437806.17075595 -0.01827768 0.00002857 0.00002780 0.00002792 0.00002793 322.17150732 117 0
