
bid
17400439
2017-12-26 18:29:23
LTC

PRICES ----- QUANTITY ----- SUM
0.01747094 0.00033000 0.00066000
0.01747117 0.00011011 0.00077011
0.01747146 0.00011011 0.00088022
0.01747670 0.00011274 0.00099296
0.01747723 0.00011520 0.00110816
0.01748090 0.00016473 0.00127288
0.01749000 0.02623500 0.02750788
0.01749484 0.00174948 0.02925737
0.01749920 0.00033087 0.02958824
0.01750138 0.00022022 0.02980846
0.01751037 0.00116087 0.03096933
0.01751474 0.00506256 0.03603189
0.01752000 0.00100000 0.03703189
0.01752420 0.49067760 0.52770949
0.01752439 0.00024435 0.52795384
0.01752829 0.18295883 0.71091267
0.01752831 0.14799435 0.85890701
0.01754069 0.00023901 0.85914602
0.01754498 0.07245349 0.93159951
0.01755370 0.52661100 1.45821051
0.01755627 0.34667317 1.80488368
0.01755903 0.00031500 1.80519868
0.01755941 0.00010511 1.80530379
0.01755970 0.00010511 1.80540890
0.01756500 0.10454356 1.90995246
0.01757283 0.00011065 1.91006311
0.01757840 0.00016609 1.91022920
0.01758302 0.01885033 1.92907953
0.01758588 0.52757640 2.45665593
0.01759009 0.00018398 2.45683991
0.01759010 0.00856552 2.46540542
0.01759991 0.00254608 2.46795150
0.01759993 0.00047080 2.46842231
0.01759997 0.00615271 2.47457502
0.01760000 12.54437745 15.01895246
0.01760980 0.00016695 15.01911942
0.01761300 0.34384451 15.36296393
0.01761600 1.54424134 16.90720527
0.01761601 0.03523202 16.94243729
0.01761683 0.47565441 17.41809170
0.01763500 0.00200000 17.42009170
0.01764682 0.00200000 17.42209170
0.01764695 0.05280850 17.47490020
0.01764710 0.13539732 17.61029752
0.01764713 0.12371678 17.73401430
0.01764726 0.01347312 17.74748742
0.01764727 0.01656315 17.76405057
0.01764773 0.02758550 17.79163607
0.01764776 0.46982160 18.26145767
0.01769486 0.38206221 18.64351988
0.01769489 0.46225282 19.10577270
0.01769510 0.00045322 19.10622592
0.01769519 0.00011136 19.10633728
0.01769645 0.00062739 19.10696467
0.01769708 0.00441321 19.11137788
0.01769840 0.00461358 19.11599146
0.01769923 0.26548845 19.38147991
0.01770000 0.48471208 19.86619199
0.01770507 0.00011477 19.86630676
0.01771507 0.00042337 19.86673013
0.01771508 0.01510344 19.88183358
0.01772230 0.00010037 19.88193395
0.01772231 0.00010037 19.88203432
0.01772264 0.00377322 19.88580754
0.01772836 0.00050114 19.88630868
0.01773816 0.00030109 19.88660978
0.01773817 0.00833872 19.89494850
0.01773978 0.00210315 19.89705165
0.01774000 0.00100019 19.89805184
0.01774729 0.00011685 19.89816870
0.01774975 0.05324925 19.95141795
0.01774980 0.04999575 20.00141369
0.01774990 0.09306179 20.09447549
0.01775000 0.00764016 20.10211565
0.01775346 0.00030135 20.10241700
0.01775361 0.00011000 20.10252700
0.01776000 0.00159840 20.10412540
0.01776247 0.05328741 20.15741281
0.01776721 0.00011159 20.15752440
0.01776774 0.00011421 20.15763861
0.01776882 0.00011913 20.15775773
0.01777043 0.00012806 20.15788579
0.01777611 0.73895041 20.89683620
0.01777719 0.02248267 20.91931887
0.01778000 0.01024087 20.92955974
0.01778040 0.00358642 20.93314616
0.01778522 0.00014228 20.93328844
0.01779995 0.00125059 20.93453903
0.01780304 3.62701596 24.56155499
0.01780305 1.38614903 25.94770402
0.01780392 0.01579803 25.96350206
0.01781072 0.17810720 26.14160926
0.01781300 0.00016563 26.14177489
0.01781597 0.53447910 26.67625399
0.01781886 0.00010216 26.67635615
0.01782157 0.00024276 26.67659891
0.01782493 4.04507225 30.72167116
0.01782495 6.11722926 36.83890043
0.01782497 0.82417611 37.66307653

bid
17400440
2017-12-26 18:29:26
LTC

PRICES ----- QUANTITY ----- SUM
0.01747094 0.00033000 0.00066000
0.01747117 0.00011011 0.00077011
0.01747146 0.00011011 0.00088022
0.01747670 0.00011274 0.00099296
0.01747723 0.00011520 0.00110816
0.01748090 0.00016473 0.00127288
0.01749000 0.02623500 0.02750788
0.01749262 0.47230074 0.49980862
0.01749263 3.42335637 3.92316500
0.01749484 0.00174948 3.92491448
0.01749920 0.00033087 3.92524535
0.01750138 0.00022022 3.92546557
0.01751037 0.00116087 3.92662644
0.01751474 0.00506256 3.93168901
0.01752000 0.00100000 3.93268901
0.01752420 0.49067760 4.42336661
0.01752439 0.00024435 4.42361095
0.01752829 0.18295883 4.60656978
0.01752831 0.14799435 4.75456413
0.01754069 0.00023901 4.75480314
0.01754498 0.07245349 4.82725663
0.01755370 0.52661100 5.35386763
0.01755627 0.34667317 5.70054080
0.01755903 0.00031500 5.70085580
0.01755941 0.00010511 5.70096091
0.01755970 0.00010511 5.70106602
0.01756500 0.10454356 5.80560958
0.01757283 0.00011065 5.80572022
0.01757840 0.00016609 5.80588632
0.01758302 0.01885033 5.82473665
0.01758588 0.52757640 6.35231305
0.01759009 0.00018398 6.35249702
0.01759010 0.00856552 6.36106254
0.01759991 0.00254608 6.36360862
0.01759993 0.00047080 6.36407942
0.01759997 0.00615271 6.37023213
0.01760000 12.54437745 18.91460958
0.01760980 0.00016695 18.91477653
0.01761300 0.34384451 19.25862104
0.01761600 1.54424134 20.80286238
0.01761601 0.03523202 20.83809440
0.01761683 0.47565441 21.31374881
0.01763500 0.00200000 21.31574881
0.01764682 0.00200000 21.31774881
0.01764695 0.05280850 21.37055731
0.01764710 0.13539732 21.50595464
0.01764713 0.12371678 21.62967141
0.01764726 0.01347312 21.64314453
0.01764727 0.01656315 21.65970768
0.01764773 0.02758550 21.68729318
0.01764776 0.46982160 22.15711479
0.01764777 0.24576285 22.40287763
0.01769486 0.30902722 22.71190485
0.01769489 0.46225282 23.17415767
0.01769510 0.00045322 23.17461089
0.01769519 0.00011136 23.17472225
0.01769645 0.00062739 23.17534964
0.01769708 0.00441321 23.17976285
0.01769840 0.00461358 23.18437643
0.01769923 0.26548845 23.44986488
0.01770000 0.48471208 23.93457696
0.01770507 0.00011477 23.93469173
0.01771507 0.00042337 23.93511511
0.01771508 0.01510344 23.95021855
0.01772230 0.00010037 23.95031892
0.01772231 0.00010037 23.95041930
0.01772264 0.00377322 23.95419251
0.01772836 0.00050114 23.95469366
0.01773816 0.00030109 23.95499475
0.01773817 0.00833872 23.96333347
0.01773978 0.00210315 23.96543662
0.01774000 0.00100019 23.96643681
0.01774729 0.00011685 23.96655367
0.01774975 0.05324925 24.01980292
0.01774980 0.04999575 24.06979867
0.01774990 0.09306179 24.16286046
0.01775000 0.00764016 24.17050062
0.01775346 0.00030135 24.17080197
0.01775361 0.00011000 24.17091197
0.01776000 0.00159840 24.17251037
0.01776247 0.05328741 24.22579778
0.01776721 0.00011159 24.22590937
0.01776774 0.00011421 24.22602358
0.01776882 0.00011913 24.22614271
0.01777043 0.00012806 24.22627076
0.01777611 0.73895041 24.96522117
0.01777719 0.02248267 24.98770384
0.01778000 0.01024087 24.99794471
0.01778040 0.00358642 25.00153113
0.01778522 0.00014228 25.00167341
0.01779995 0.00125059 25.00292400
0.01780304 3.62701596 28.62993996
0.01780305 1.38614903 30.01608900
0.01780392 0.01579803 30.03188703
0.01781072 0.17810720 30.20999423
0.01781300 0.00016563 30.21015986
0.01781597 0.53447910 30.74463896
0.01781886 0.00010216 30.74474112
0.01782157 0.00024276 30.74498389
0.01782493 4.04507225 34.79005614
0.01782495 6.11722926 40.90728540
0.01782497 0.82417611 41.73146150

bid
17808418
2018-01-06 20:21:13
LTC

PRICES ----- QUANTITY ----- SUM
0.01660617 0.00017367 0.00028367
0.01660666 0.00017482 0.00045849
0.01660816 0.00017455 0.00063304
0.01660881 0.00012747 0.00076051
0.01661450 0.00017151 0.00093202
0.01661499 0.07580640 0.07673842
0.01661500 1.00000000 1.07673842
0.01661898 0.00131098 1.07804940
0.01661899 2.38362334 3.46167273
0.01662112 0.00110000 3.46277273
0.01662564 0.00123442 3.46400715
0.01663421 0.00176000 3.46576715
0.01663895 0.09818008 3.56394723
0.01663997 0.00000001 3.56394723
0.01664488 0.01282586 3.57677309
0.01665560 1.21925987 4.79603297
0.01665743 0.00400371 4.80003668
0.01666184 0.05096542 4.85100210
0.01666185 2.69781194 7.54881404
0.01666186 6.00170354 13.55051758
0.01666435 0.00583252 13.55635010
0.01667403 0.00031543 13.55666553
0.01669750 0.00017275 13.55683828
0.01670075 0.00154531 13.55838360
0.01671000 0.13200900 13.69039260
0.01671135 0.00539777 13.69579036
0.01672487 0.01977917 13.71556953
0.01673300 0.01694188 13.73251141
0.01673833 0.00340601 13.73591741
0.01675227 0.00576515 13.74168257
0.01675634 0.03686756 13.77855013
0.01675640 0.20000000 13.97855013
0.01675641 0.20058878 14.17913892
0.01678000 0.00800406 14.18714298
0.01678600 0.08372017 14.27086315
0.01678934 0.00017261 14.27103576
0.01679000 0.31342875 14.58446451
0.01679442 0.04853846 14.63300297
0.01680000 0.00336336 14.63636633
0.01682641 1.14402521 15.78039154
0.01682642 0.52357806 16.30396960
0.01682643 2.93069737 19.23466697
0.01683276 0.08395339 19.31862036
0.01683321 0.49156024 19.81018060
0.01687878 0.00113451 19.81131511
0.01687883 1.50227064 21.31358575
0.01687887 0.38553589 21.69912164
0.01687941 0.01687941 21.71600105
0.01687944 0.77830930 22.49431035
0.01688605 0.03121271 22.52552306
0.01689999 0.00489677 22.53041982
0.01690000 0.33084493 22.86126475
0.01690010 0.18590110 23.04716585
0.01690011 0.00506660 23.05223245
0.01690999 0.00160785 23.05384030
0.01691000 0.00019548 23.05403578
0.01692160 0.00017374 23.05420952
0.01692753 0.00169275 23.05590227
0.01693003 2.44065005 25.49655233
0.01693004 0.01164575 25.50819808
0.01693398 0.00846699 25.51666507
0.01694000 0.02617823 25.54284330
0.01694300 0.00010125 25.54294455
0.01694349 0.00103922 25.54398376
0.01694466 0.00100199 25.54498575
0.01694503 0.00677801 25.55176376
0.01696277 0.00848138 25.56024515
0.01696422 0.01029565 25.57054079
0.01696565 0.00207379 25.57261458
0.01696566 0.00592907 25.57854365
0.01696699 0.00339340 25.58193705
0.01696939 0.00010174 25.58203879
0.01697031 0.00019604 25.58223483
0.01697322 1.60442482 27.18665965
0.01697323 2.82151000 30.00816965
0.01697506 0.00017408 30.00834373
0.01697660 0.00017665 30.00852038
0.01697711 0.00017578 30.00869616
0.01697719 0.05902142 30.06771758
0.01697795 0.01001699 30.07773457
0.01697960 0.00341879 30.08115336
0.01697991 0.02032670 30.10148006
0.01698000 0.00028849 30.10176855
0.01698324 0.00068612 30.10245467
0.01698462 0.00849231 30.11094698
0.01698481 0.00017441 30.11112140
0.01698584 0.00017530 30.11129670
0.01698686 0.00017440 30.11147110
0.01698889 0.00084817 30.11231927
0.01698936 0.00102233 30.11334161
0.01699153 0.00656736 30.11990897
0.01700000 0.93534108 31.05525005
0.01700010 0.03400020 31.08925025
0.01700123 0.01765651 31.10690676
0.01700500 0.02186762 31.12877439
0.01701000 0.00430217 31.13307656
0.01701500 0.00017414 31.13325070
0.01701633 0.02430635 31.15755705
0.01701998 0.00258296 31.16014000

bid
17808422
2018-01-06 20:21:22
LTC

PRICES ----- QUANTITY ----- SUM
0.01660617 0.00017367 0.00028367
0.01660666 0.00017482 0.00045849
0.01660816 0.00017455 0.00063304
0.01660881 0.00012747 0.00076051
0.01661450 0.00017151 0.00093202
0.01661499 0.07580640 0.07673842
0.01661500 3.38398426 3.46072269
0.01661898 0.00131098 3.46203366
0.01662112 0.00110000 3.46313366
0.01662564 0.00123442 3.46436808
0.01663421 0.00176000 3.46612808
0.01663895 0.09818008 3.56430816
0.01663997 0.00000001 3.56430816
0.01664488 0.01282586 3.57713402
0.01665560 1.21925987 4.79639389
0.01665561 0.19820176 4.99459565
0.01665743 0.00400371 4.99859936
0.01666184 0.05096542 5.04956478
0.01666187 2.58166062 7.63122540
0.01666435 0.00583252 7.63705792
0.01666437 6.03003493 13.66709285
0.01667403 0.00031543 13.66740828
0.01669750 0.00017275 13.66758103
0.01670075 0.00154531 13.66912635
0.01671000 0.13200900 13.80113535
0.01671135 0.00539777 13.80653311
0.01673300 0.01694188 13.82347499
0.01673833 0.00340601 13.82688100
0.01674252 0.03688196 13.86376296
0.01675227 0.00576515 13.86952812
0.01675640 0.20000000 14.06952812
0.01675641 0.00118750 14.07071562
0.01675642 0.02988340 14.10059902
0.01678000 0.00800406 14.10860308
0.01678600 0.08372017 14.19232325
0.01678934 0.00017261 14.19249586
0.01679000 0.31342875 14.50592461
0.01679442 0.04853846 14.55446307
0.01680000 0.00336336 14.55782643
0.01682641 1.14402521 15.70185164
0.01682642 0.52357806 16.22542971
0.01682643 2.93069737 19.15612708
0.01683276 0.08395339 19.24008047
0.01683321 0.49156024 19.73164071
0.01687878 0.00113451 19.73277522
0.01687883 1.50227064 21.23504585
0.01687887 0.32873657 21.56378242
0.01687941 0.01687941 21.58066183
0.01687947 0.76943031 22.35009215
0.01688605 0.03121271 22.38130485
0.01689989 2.16832349 24.54962834
0.01689990 0.97371114 25.52333948
0.01689992 0.44040211 25.96374159
0.01689999 0.00489677 25.96863836
0.01690000 0.33084493 26.29948329
0.01690010 0.18590110 26.48538439
0.01690011 0.00506660 26.49045099
0.01690999 0.00160785 26.49205883
0.01691000 0.00019548 26.49225431
0.01692160 0.00017374 26.49242805
0.01692753 0.00169275 26.49412081
0.01693004 0.01164575 26.50576656
0.01693398 0.00846699 26.51423355
0.01694000 0.02617823 26.54041178
0.01694300 0.00010125 26.54051303
0.01694349 0.00103922 26.54155224
0.01694466 0.00100199 26.54255423
0.01694503 0.00677801 26.54933224
0.01696277 0.00848138 26.55781363
0.01696422 0.01029565 26.56810927
0.01696565 0.00207379 26.57018306
0.01696566 0.00592907 26.57611213
0.01696699 0.00339340 26.57950553
0.01696939 0.00010174 26.57960727
0.01697031 0.00019604 26.57980331
0.01697313 2.82151000 29.40131331
0.01697314 1.56873878 30.97005209
0.01697506 0.00017408 30.97022617
0.01697660 0.00017665 30.97040282
0.01697711 0.00017578 30.97057860
0.01697719 0.05902142 31.02960001
0.01697795 0.01001699 31.03961700
0.01697960 0.00341879 31.04303580
0.01697991 0.02032670 31.06336250
0.01698000 0.00028849 31.06365099
0.01698324 0.00068612 31.06433711
0.01698462 0.00849231 31.07282942
0.01698481 0.00017441 31.07300383
0.01698584 0.00017530 31.07317913
0.01698686 0.00017440 31.07335354
0.01698889 0.00084817 31.07420171
0.01698936 0.00102233 31.07522404
0.01699153 0.00656736 31.08179140
0.01700000 0.93534108 32.01713249
0.01700010 0.03400020 32.05113269
0.01700123 0.01765651 32.06878920
0.01700500 0.02186762 32.09065682
0.01701000 0.00430217 32.09495899
0.01701500 0.00017414 32.09513313

bid
17808429
2018-01-06 20:21:38
LTC

PRICES ----- QUANTITY ----- SUM
0.01660617 0.00017367 0.00028367
0.01660666 0.00017482 0.00045849
0.01660816 0.00017455 0.00063304
0.01660881 0.00012747 0.00076051
0.01661450 0.00017151 0.00093202
0.01661499 0.07580640 0.07673842
0.01661500 3.38327615 3.46001457
0.01661898 0.00131098 3.46132555
0.01662112 0.00110000 3.46242555
0.01662564 0.00123442 3.46365997
0.01663421 0.00176000 3.46541997
0.01663895 0.09818008 3.56360005
0.01663997 0.00000001 3.56360005
0.01664488 0.01282586 3.57642591
0.01665560 1.21925987 4.79568578
0.01665743 0.00400371 4.79968949
0.01666184 0.05096542 4.85065491
0.01666435 0.00583252 4.85648744
0.01666443 6.15693722 11.01342466
0.01666444 2.59778706 13.61121171
0.01667403 0.00031543 13.61152714
0.01669750 0.00017275 13.61169990
0.01670075 0.00154531 13.61324521
0.01671000 0.13200900 13.74525421
0.01671135 0.00539777 13.75065197
0.01673300 0.01694188 13.76759385
0.01673833 0.00340601 13.77099986
0.01674247 0.03688179 13.80788165
0.01675227 0.00576515 13.81364680
0.01675640 0.20000000 14.01364680
0.01675641 0.00118750 14.01483431
0.01675642 0.02988340 14.04471770
0.01678000 0.00800406 14.05272176
0.01678600 0.08372017 14.13644194
0.01678934 0.00017261 14.13661455
0.01679000 0.31342875 14.45004330
0.01679442 0.04853846 14.49858176
0.01680000 0.00336336 14.50194512
0.01682641 1.14402521 15.64597033
0.01682642 0.52357806 16.16954839
0.01682643 2.74965043 18.91919882
0.01683276 0.08395339 19.00315221
0.01683321 0.49156024 19.49471245
0.01687878 0.00113451 19.49584696
0.01687883 1.50307966 20.99892662
0.01687887 0.32873657 21.32766319
0.01687941 0.01687941 21.34454260
0.01687944 0.01687944 21.36142204
0.01687947 0.14377403 21.50519608
0.01688600 0.05749160 21.56268768
0.01688605 0.03121271 21.59390039
0.01689978 1.57213583 23.16603622
0.01689979 0.97370480 24.13974102
0.01689981 0.61870183 24.75844285
0.01690000 0.33084493 25.08928778
0.01690010 0.18590110 25.27518888
0.01690011 0.00506660 25.28025547
0.01690999 0.00160785 25.28186332
0.01691000 0.00019548 25.28205880
0.01692160 0.00017374 25.28223254
0.01692753 0.00169275 25.28392529
0.01693004 0.01164575 25.29557105
0.01693398 0.00846699 25.30403804
0.01694000 0.02617823 25.33021626
0.01694300 0.00010125 25.33031751
0.01694349 0.00103922 25.33135673
0.01694466 0.00100199 25.33235872
0.01694503 0.00677801 25.33913673
0.01696277 0.00848138 25.34761811
0.01696422 0.01029565 25.35791376
0.01696565 0.00207379 25.35998755
0.01696566 0.00592907 25.36591662
0.01696699 0.00339340 25.36931002
0.01696939 0.00010174 25.36941176
0.01697031 0.00019604 25.36960780
0.01697303 2.82434000 28.19394780
0.01697304 1.56675468 29.76070247
0.01697310 0.01776806 29.77847053
0.01697506 0.00017408 29.77864461
0.01697660 0.00017665 29.77882126
0.01697711 0.00017578 29.77899704
0.01697719 0.05902142 29.83801846
0.01697795 0.01001699 29.84803545
0.01697960 0.00341879 29.85145424
0.01697991 0.02032670 29.87178094
0.01698000 0.00028849 29.87206943
0.01698324 0.00068612 29.87275555
0.01698462 0.00849231 29.88124786
0.01698481 0.00017441 29.88142227
0.01698584 0.00017530 29.88159757
0.01698686 0.00017440 29.88177198
0.01698889 0.00084817 29.88262015
0.01698936 0.00102233 29.88364248
0.01699153 0.00656736 29.89020985
0.01699605 1.47865635 31.36886620
0.01700000 0.93534108 32.30420728
0.01700010 0.03400020 32.33820748
0.01700123 0.01765651 32.35586399
0.01700498 0.00237462 32.35823861

bid
17808430
2018-01-06 20:21:40
LTC

PRICES ----- QUANTITY ----- SUM
0.01660617 0.00017367 0.00028367
0.01660666 0.00017482 0.00045849
0.01660816 0.00017455 0.00063304
0.01660881 0.00012747 0.00076051
0.01661450 0.00017151 0.00093202
0.01661499 0.07580640 0.07673842
0.01661500 1.00000000 1.07673842
0.01661898 0.00131098 1.07804940
0.01661899 2.38384848 3.46189788
0.01662112 0.00110000 3.46299788
0.01662564 0.00123442 3.46423230
0.01663421 0.00176000 3.46599230
0.01663895 0.09818008 3.56417238
0.01663997 0.00000001 3.56417238
0.01664488 0.01282586 3.57699824
0.01665560 1.21925987 4.79625811
0.01665743 0.00400371 4.80026182
0.01666184 0.05096542 4.85122724
0.01666435 0.00583252 4.85705977
0.01666443 0.19830672 5.05536648
0.01666444 2.59778706 7.65315354
0.01666445 5.96461974 13.61777328
0.01667403 0.00031543 13.61808871
0.01669750 0.00017275 13.61826146
0.01670075 0.00154531 13.61980677
0.01671000 0.13200900 13.75181577
0.01671135 0.00539777 13.75721354
0.01673300 0.01694188 13.77415542
0.01673833 0.00340601 13.77756143
0.01674247 0.03688179 13.81444321
0.01675227 0.00576515 13.82020837
0.01675640 0.20000000 14.02020837
0.01675641 0.00118750 14.02139587
0.01675642 0.02988340 14.05127927
0.01678000 0.00800406 14.05928333
0.01678600 0.08372017 14.14300350
0.01678934 0.00017261 14.14317611
0.01679000 0.31342875 14.45660486
0.01679442 0.04853846 14.50514332
0.01680000 0.00336336 14.50850668
0.01682641 1.14402521 15.65253189
0.01682642 0.52357806 16.17610996
0.01682643 2.74965043 18.92576039
0.01683276 0.08395339 19.00971378
0.01683321 0.49156024 19.50127401
0.01687878 0.00113451 19.50240852
0.01687883 1.50307966 21.00548819
0.01687887 0.32873657 21.33422476
0.01687941 0.01687941 21.35110417
0.01687944 0.01687944 21.36798361
0.01687947 0.14377403 21.51175764
0.01688600 0.05749160 21.56924924
0.01688605 0.03121271 21.60046195
0.01689978 1.57213583 23.17259779
0.01689979 0.97370480 24.14630258
0.01689981 0.61870183 24.76500441
0.01690000 0.33084493 25.09584934
0.01690010 0.18590110 25.28175044
0.01690011 0.00506660 25.28681704
0.01690999 0.00160785 25.28842489
0.01691000 0.00019548 25.28862037
0.01692160 0.00017374 25.28879411
0.01692753 0.00169275 25.29048686
0.01693004 0.01164575 25.30213261
0.01693398 0.00846699 25.31059960
0.01694000 0.02617823 25.33677783
0.01694300 0.00010125 25.33687908
0.01694349 0.00103922 25.33791829
0.01694466 0.00100199 25.33892028
0.01694503 0.00677801 25.34569829
0.01696277 0.00848138 25.35417968
0.01696422 0.01029565 25.36447532
0.01696565 0.00207379 25.36654911
0.01696566 0.00592907 25.37247818
0.01696699 0.00339340 25.37587158
0.01696939 0.00010174 25.37597332
0.01697031 0.00019604 25.37616936
0.01697301 2.82434000 28.20050936
0.01697302 1.56327870 29.76378806
0.01697303 2.82434000 32.58812806
0.01697304 1.56675468 34.15488273
0.01697310 0.01776806 34.17265079
0.01697506 0.00017408 34.17282487
0.01697660 0.00017665 34.17300152
0.01697711 0.00017578 34.17317730
0.01697719 0.05902142 34.23219872
0.01697795 0.01001699 34.24221571
0.01697960 0.00341879 34.24563450
0.01697991 0.02032670 34.26596120
0.01698000 0.00028849 34.26624969
0.01698324 0.00068612 34.26693581
0.01698462 0.00849231 34.27542812
0.01698481 0.00017441 34.27560254
0.01698584 0.00017530 34.27577784
0.01698686 0.00017440 34.27595224
0.01698889 0.00084817 34.27680041
0.01698936 0.00102233 34.27782275
0.01699153 0.00656736 34.28439011
0.01699605 1.47865635 35.76304646
0.01700000 0.93534108 36.69838754
0.01700010 0.03400020 36.73238774
0.01700123 0.01765651 36.75004425
0.01700498 0.00237462 36.75241888

bid
17808431
2018-01-06 20:21:43
LTC

PRICES ----- QUANTITY ----- SUM
0.01660617 0.00017367 0.00028367
0.01660666 0.00017482 0.00045849
0.01660816 0.00017455 0.00063304
0.01660881 0.00012747 0.00076051
0.01660882 2.38238969 2.38315019
0.01661450 0.00017151 2.38332171
0.01661499 0.07580640 2.45912811
0.01661500 1.00000000 3.45912811
0.01661898 0.00131098 3.46043908
0.01661899 2.38384848 5.84428757
0.01662112 0.00110000 5.84538757
0.01662564 0.00123442 5.84662198
0.01663421 0.00176000 5.84838198
0.01663895 0.09818008 5.94656206
0.01663997 0.00000001 5.94656207
0.01664488 0.01282586 5.95938793
0.01665560 1.21925987 7.17864780
0.01665743 0.00400371 7.18265151
0.01666184 0.05096542 7.23361693
0.01666435 0.00583252 7.23944945
0.01666443 0.19830672 7.43775617
0.01666444 2.59778706 10.03554322
0.01666445 5.96461974 16.00016296
0.01666446 2.63222695 18.63238991
0.01667403 0.00031543 18.63270534
0.01669750 0.00017275 18.63287809
0.01670075 0.00154531 18.63442341
0.01671000 0.13200900 18.76643241
0.01671135 0.00539777 18.77183017
0.01673300 0.01694188 18.78877205
0.01673833 0.00340601 18.79217806
0.01674247 0.03688179 18.82905984
0.01675227 0.00576515 18.83482500
0.01675640 0.20000000 19.03482500
0.01675641 0.00118750 19.03601250
0.01675642 0.02988340 19.06589590
0.01678000 0.00800406 19.07389996
0.01678600 0.08372017 19.15762014
0.01678934 0.00017261 19.15779275
0.01679000 0.31342875 19.47122150
0.01679442 0.04853846 19.51975996
0.01680000 0.00336336 19.52312332
0.01682641 1.14402521 20.66714853
0.01682642 0.52357806 21.19072659
0.01682643 2.74965043 23.94037702
0.01683276 0.08395339 24.02433041
0.01683321 0.49156024 24.51589065
0.01683322 5.94184385 30.45773450
0.01683325 0.49156141 30.94929591
0.01687878 0.00113451 30.95043042
0.01687883 1.50307966 32.45351008
0.01687887 0.32873657 32.78224665
0.01687941 0.01687941 32.79912606
0.01687944 0.01687944 32.81600550
0.01687947 0.14377403 32.95977953
0.01688600 0.05749160 33.01727114
0.01688605 0.03121271 33.04848385
0.01689974 1.42674365 34.47522749
0.01689975 0.63559938 35.11082687
0.01689978 1.57213583 36.68296271
0.01689979 0.97370480 37.65666751
0.01689981 0.61870183 38.27536933
0.01690000 0.33084493 38.60621426
0.01690010 0.18590110 38.79211536
0.01690011 0.00506660 38.79718196
0.01690999 0.00160785 38.79878981
0.01691000 0.00019548 38.79898529
0.01692160 0.00017374 38.79915903
0.01692753 0.00169275 38.80085178
0.01693004 0.01164575 38.81249753
0.01693398 0.00846699 38.82096452
0.01694000 0.02617823 38.84714275
0.01694300 0.00010125 38.84724400
0.01694349 0.00103922 38.84828322
0.01694466 0.00100199 38.84928520
0.01694503 0.00677801 38.85606322
0.01696277 0.00848138 38.86454460
0.01696422 0.01029565 38.87484025
0.01696565 0.00207379 38.87691403
0.01696566 0.00592907 38.88284311
0.01696699 0.00339340 38.88623650
0.01696939 0.00010174 38.88633824
0.01697031 0.00019604 38.88653428
0.01697301 2.82434000 41.71087428
0.01697302 1.56327870 43.27415298
0.01697303 2.82434000 46.09849298
0.01697304 4.71482587 50.81331886
0.01697310 0.01776806 50.83108691
0.01697506 0.00017408 50.83126099
0.01697660 0.00017665 50.83143764
0.01697711 0.00017578 50.83161342
0.01697719 0.05902142 50.89063484
0.01697795 0.01001699 50.90065183
0.01697960 0.00341879 50.90407062
0.01697991 0.02032670 50.92439733
0.01698000 0.00028849 50.92468582
0.01698324 0.00068612 50.92537193
0.01698462 0.00849231 50.93386424
0.01698481 0.00017441 50.93403866
0.01698584 0.00017530 50.93421396
0.01698686 0.00017440 50.93438836
0.01698889 0.00084817 50.93523653
0.01698936 0.00102233 50.93625887
0.01699153 0.00656736 50.94282623
0.01699605 1.47865635 52.42148258
0.01700000 0.93534108 53.35682366
0.01700010 0.03400020 53.39082386
0.01700123 0.01765651 53.40848037
0.01700498 0.00237462 53.41085500

bid
17808505
2018-01-06 20:24:26
LTC

PRICES ----- QUANTITY ----- SUM
0.01657349 0.03999999 1.25305288
0.01658578 0.00029882 1.25335169
0.01659162 0.00015015 1.25350184
0.01659400 0.00233975 1.25584160
0.01659630 0.00011000 1.25595160
0.01659631 2.39010831 3.64605990
0.01660617 0.00017367 3.64623358
0.01660666 0.00017482 3.64640840
0.01660816 0.00017455 3.64658294
0.01660881 0.00012747 3.64671041
0.01661450 0.00017151 3.64688193
0.01661499 0.07580640 3.72268833
0.01661500 1.00000000 4.72268833
0.01661898 0.00131098 4.72399930
0.01662112 0.00110000 4.72509930
0.01662564 0.00123442 4.72633372
0.01662567 0.19784547 4.92417919
0.01662572 2.68802230 7.61220150
0.01662573 5.96714350 13.57934499
0.01663421 0.00176000 13.58110499
0.01663895 0.09818008 13.67928507
0.01663997 0.00000001 13.67928507
0.01664488 0.01282586 13.69211093
0.01665743 0.00400371 13.69611464
0.01666184 0.05096542 13.74708006
0.01666435 0.00583252 13.75291259
0.01669750 0.00017275 13.75308534
0.01670075 0.00154531 13.75463065
0.01670639 0.03698835 13.79161900
0.01671000 0.11697000 13.90858900
0.01671046 0.00015000 13.90873900
0.01671135 0.00539777 13.91413677
0.01672347 0.00576515 13.91990192
0.01673300 0.01694188 13.93684380
0.01673833 0.00340601 13.94024981
0.01675000 0.00335335 13.94360316
0.01675640 0.20000000 14.14360316
0.01675642 0.02988340 14.17348656
0.01678000 0.00800406 14.18149062
0.01678600 0.08372017 14.26521079
0.01678934 0.00017261 14.26538340
0.01679000 0.21268875 14.47807215
0.01679106 0.07498501 14.55305716
0.01679160 0.00031610 14.55337326
0.01679442 0.03171449 14.58508775
0.01679448 0.00020712 14.58529487
0.01679460 0.13435680 14.71965167
0.01679461 0.52103598 15.24068765
0.01679463 0.11629995 15.35698759
0.01684957 0.97011276 16.32710036
0.01684958 1.04224527 17.36934563
0.01685000 0.00337000 17.37271563
0.01687799 0.24690812 17.61962374
0.01687800 0.18565800 17.80528174
0.01687878 0.01415077 17.81943251
0.01687883 0.00228664 17.82171915
0.01687887 0.00754891 17.82926806
0.01687940 0.01687940 17.84614746
0.01688600 0.02522470 17.87137216
0.01688603 0.05048923 17.92186139
0.01690000 0.32746493 18.24932632
0.01690011 0.00506660 18.25439292
0.01690999 0.00160785 18.25600077
0.01691000 0.00019548 18.25619625
0.01692160 0.00017374 18.25636999
0.01692753 0.00169275 18.25806274
0.01693004 0.01164575 18.26970849
0.01693398 0.00846699 18.27817548
0.01694000 0.02617823 18.30435371
0.01694300 0.00010125 18.30445496
0.01694349 0.00103922 18.30549418
0.01694466 0.00100199 18.30649616
0.01694503 0.00677801 18.31327418
0.01694825 0.02420910 18.33748328
0.01696277 0.00848138 18.34596466
0.01696422 0.01029565 18.35626031
0.01696564 0.00053838 18.35679869
0.01696565 0.00207379 18.35887247
0.01696566 0.00592907 18.36480155
0.01696699 0.00339340 18.36819495
0.01696939 0.00010174 18.36829669
0.01697031 0.00019604 18.36849273
0.01697506 0.00017408 18.36866681
0.01697660 0.00017665 18.36884346
0.01697711 0.00017578 18.36901924
0.01697719 0.05902142 18.42804065
0.01697795 0.01001699 18.43805764
0.01697960 0.00341879 18.44147644
0.01697991 0.02032670 18.46180314
0.01698000 0.00028849 18.46209163
0.01698324 0.00068612 18.46277775
0.01698462 0.00849231 18.47127006
0.01698481 0.00017441 18.47144447
0.01698584 0.00017530 18.47161977
0.01698686 0.00017440 18.47179418
0.01698889 0.00084817 18.47264235
0.01698936 0.00102233 18.47366468
0.01699153 0.00656736 18.48023204
0.01699908 3.03731493 21.51754697

bid
17808507
2018-01-06 20:24:30
LTC

PRICES ----- QUANTITY ----- SUM
0.01657081 1.21305289 1.21326442
0.01657349 0.03999999 1.25326441
0.01658578 0.00029882 1.25356322
0.01659162 0.00015015 1.25371337
0.01659163 2.37639245 3.63010582
0.01659400 0.00233975 3.63244558
0.01659630 0.00011000 3.63255558
0.01659631 2.39010831 6.02266389
0.01660617 0.00017367 6.02283756
0.01660666 0.00017482 6.02301238
0.01660816 0.00017455 6.02318693
0.01660881 0.00012747 6.02331440
0.01661450 0.00017151 6.02348591
0.01661499 0.07580640 6.09929231
0.01661500 1.00000000 7.09929231
0.01661898 0.00131098 7.10060328
0.01662112 0.00110000 7.10170328
0.01662564 0.00123442 7.10293770
0.01662567 0.19784547 7.30078318
0.01662572 2.68802230 9.98880548
0.01662573 5.96714350 15.95594897
0.01662576 2.55366752 18.50961650
0.01662577 5.85475665 24.36437315
0.01663421 0.00176000 24.36613315
0.01663895 0.09818008 24.46431323
0.01663997 0.00000001 24.46431324
0.01664488 0.01282586 24.47713909
0.01665743 0.00400371 24.48114280
0.01666184 0.05096542 24.53210822
0.01666435 0.00583252 24.53794075
0.01669750 0.00017275 24.53811350
0.01670075 0.00154531 24.53965881
0.01670635 0.03698811 24.57664692
0.01670639 0.03698835 24.61363527
0.01671000 0.11697000 24.73060527
0.01671046 0.00015000 24.73075527
0.01671135 0.00539777 24.73615303
0.01672347 0.00576515 24.74191819
0.01673300 0.01694188 24.75886007
0.01673833 0.00340601 24.76226607
0.01675000 0.00335335 24.76561942
0.01675640 0.20000000 24.96561942
0.01675642 0.02988340 24.99550282
0.01678000 0.00800406 25.00350688
0.01678600 0.08372017 25.08722706
0.01678934 0.00017261 25.08739967
0.01679000 0.21268875 25.30008842
0.01679106 0.07498501 25.37507343
0.01679160 0.00031610 25.37538952
0.01679442 0.03171449 25.40710401
0.01679448 0.00020712 25.40731113
0.01679460 0.13435680 25.54166793
0.01679461 0.52103598 26.06270391
0.01679463 0.11336399 26.17606791
0.01684917 0.39994999 26.57601789
0.01684920 0.11360001 26.68961791
0.01684957 0.97011276 27.65973067
0.01684958 0.64228555 28.30201622
0.01685000 0.00337000 28.30538622
0.01687799 0.24690812 28.55229434
0.01687800 0.18565800 28.73795234
0.01687878 0.01415077 28.75210311
0.01687883 0.00228664 28.75438974
0.01687887 0.00754891 28.76193865
0.01687940 0.01687940 28.77881805
0.01688600 0.02522470 28.80404276
0.01688603 0.05048923 28.85453199
0.01690000 0.32746493 29.18199692
0.01690011 0.00506660 29.18706351
0.01690999 0.00160785 29.18867136
0.01691000 0.00019548 29.18886684
0.01692160 0.00017374 29.18904058
0.01692753 0.00169275 29.19073333
0.01693004 0.01164575 29.20237909
0.01693398 0.00846699 29.21084608
0.01694000 0.02617823 29.23702430
0.01694300 0.00010125 29.23712555
0.01694349 0.00103922 29.23816477
0.01694466 0.00100199 29.23916676
0.01694503 0.00677801 29.24594477
0.01694825 0.02420910 29.27015387
0.01696277 0.00848138 29.27863526
0.01696422 0.01029565 29.28893090
0.01696564 0.00053838 29.28946928
0.01696565 0.00207379 29.29154307
0.01696566 0.00592907 29.29747214
0.01696699 0.00339340 29.30086554
0.01696939 0.00010174 29.30096728
0.01697031 0.00019604 29.30116332
0.01697506 0.00017408 29.30133740
0.01697660 0.00017665 29.30151405
0.01697711 0.00017578 29.30168983
0.01697719 0.05902142 29.36071125
0.01697795 0.01001699 29.37072824
0.01697960 0.00341879 29.37414703
0.01697991 0.02032670 29.39447373
0.01698000 0.00028849 29.39476222
0.01698324 0.00068612 29.39544834
0.01698462 0.00849231 29.40394065
0.01698481 0.00017441 29.40411507
0.01698584 0.00017530 29.40429037
0.01698686 0.00017440 29.40446477
0.01698889 0.00084817 29.40531294
0.01698936 0.00102233 29.40633528
0.01699153 0.00656736 29.41290264
0.01699908 3.03731493 32.45021757
