DATE -- CURRENCY -- LAST -- QUOTE_VOLUME -- PER_CHG -- 24_HIGH -- 24_LOW -- HIGH_BID -- LOW_ASK -- BASE_VOLUME - ID - F -
2020-02-24 12:33:25 BTC_STR 0.00000713 860783.95670854 -0.03125000 0.00000738 0.00000713 0.00000713 0.00000715 13.48696582 89 0
2020-02-24 12:32:54 BTC_STR 0.00000713 860783.95670854 -0.02993197 0.00000738 0.00000713 0.00000713 0.00000715 13.48696582 89 0
2020-02-24 12:32:42 BTC_STR 0.00000713 860783.95670854 -0.02993197 0.00000738 0.00000713 0.00000713 0.00000715 13.48696582 89 0
2020-02-24 12:32:12 BTC_STR 0.00000713 860783.95670854 -0.02993197 0.00000738 0.00000713 0.00000713 0.00000715 13.48696582 89 0
2020-02-24 12:31:42 BTC_STR 0.00000713 860783.95670854 -0.02993197 0.00000738 0.00000713 0.00000713 0.00000715 13.48696582 89 0
2020-02-24 12:31:12 BTC_STR 0.00000713 861571.10753044 -0.02993197 0.00000738 0.00000713 0.00000713 0.00000715 13.49275138 89 0
2020-02-24 12:30:42 BTC_STR 0.00000713 861571.10753044 -0.02993197 0.00000738 0.00000713 0.00000713 0.00000715 13.49275138 89 0
2020-02-24 12:30:11 BTC_STR 0.00000713 861570.30949398 -0.02993197 0.00000738 0.00000713 0.00000713 0.00000715 13.49274569 89 0
2020-02-24 12:29:41 BTC_STR 0.00000713 861570.30949398 -0.02993197 0.00000738 0.00000713 0.00000713 0.00000715 13.49274569 89 0
2020-02-24 12:29:11 BTC_STR 0.00000713 861567.72323873 -0.02993197 0.00000738 0.00000713 0.00000713 0.00000715 13.49272725 89 0
2020-02-24 12:28:41 BTC_STR 0.00000713 861567.72323873 -0.02993197 0.00000738 0.00000713 0.00000713 0.00000715 13.49272725 89 0
2020-02-24 12:28:11 BTC_STR 0.00000717 861573.66451092 -0.02182810 0.00000738 0.00000713 0.00000713 0.00000716 13.49277080 89 0
2020-02-24 12:27:40 BTC_STR 0.00000717 861573.66451092 -0.02182810 0.00000738 0.00000713 0.00000715 0.00000716 13.49277080 89 0
2020-02-24 12:27:10 BTC_STR 0.00000713 861175.09420631 -0.02728512 0.00000738 0.00000713 0.00000716 0.00000717 13.48991307 89 0
2020-02-24 12:26:40 BTC_STR 0.00000713 861175.09420631 -0.02728512 0.00000738 0.00000713 0.00000714 0.00000716 13.48991307 89 0
2020-02-24 12:26:10 BTC_STR 0.00000713 861179.19379703 -0.02728512 0.00000738 0.00000713 0.00000713 0.00000715 13.48994312 89 0
2020-02-24 12:25:39 BTC_STR 0.00000713 861179.19379703 -0.02728512 0.00000738 0.00000713 0.00000713 0.00000715 13.48994312 89 0
2020-02-24 12:25:09 BTC_STR 0.00000713 861179.19379703 -0.02728512 0.00000738 0.00000713 0.00000713 0.00000715 13.48994312 89 0
2020-02-24 12:23:56 BTC_STR 0.00000715 856963.33304760 -0.02455661 0.00000738 0.00000713 0.00000713 0.00000715 13.45985606 89 0
