DATE -- CURRENCY -- LAST -- QUOTE_VOLUME -- PER_CHG -- 24_HIGH -- 24_LOW -- HIGH_BID -- LOW_ASK -- BASE_VOLUME - ID - F -
2020-02-24 12:33:25 BTC_NXT 0.00000151 11925.57924218 0.01342281 0.00000153 0.00000149 0.00000150 0.00000152 0.16822603 69 0
2020-02-24 12:32:54 BTC_NXT 0.00000151 11925.57924218 0.01342281 0.00000153 0.00000149 0.00000150 0.00000152 0.16822603 69 0
2020-02-24 12:32:42 BTC_NXT 0.00000151 11925.57924218 0.01342281 0.00000153 0.00000149 0.00000150 0.00000152 0.16822603 69 0
2020-02-24 12:32:12 BTC_NXT 0.00000151 11925.57924218 0.01342281 0.00000153 0.00000149 0.00000150 0.00000152 0.16822603 69 0
2020-02-24 12:31:42 BTC_NXT 0.00000151 11925.57924218 0.01342281 0.00000153 0.00000149 0.00000150 0.00000152 0.16822603 69 0
2020-02-24 12:31:12 BTC_NXT 0.00000151 11925.57924218 0.01342281 0.00000153 0.00000149 0.00000150 0.00000152 0.16822603 69 0
2020-02-24 12:30:42 BTC_NXT 0.00000151 11925.57924218 0.01342281 0.00000153 0.00000149 0.00000150 0.00000152 0.16822603 69 0
2020-02-24 12:30:11 BTC_NXT 0.00000151 11925.57924218 0.01342281 0.00000153 0.00000149 0.00000150 0.00000152 0.16822603 69 0
2020-02-24 12:29:41 BTC_NXT 0.00000151 11925.57924218 0.01342281 0.00000153 0.00000149 0.00000150 0.00000152 0.16822603 69 0
2020-02-24 12:29:11 BTC_NXT 0.00000151 11925.57924218 0.01342281 0.00000153 0.00000149 0.00000150 0.00000152 0.16822603 69 0
2020-02-24 12:28:41 BTC_NXT 0.00000151 11925.57924218 0.01342281 0.00000153 0.00000149 0.00000150 0.00000152 0.16822603 69 0
2020-02-24 12:28:11 BTC_NXT 0.00000151 11925.57924218 0.01342281 0.00000153 0.00000149 0.00000150 0.00000152 0.16822603 69 0
2020-02-24 12:27:40 BTC_NXT 0.00000151 11925.57924218 0.01342281 0.00000153 0.00000149 0.00000150 0.00000152 0.16822603 69 0
2020-02-24 12:27:10 BTC_NXT 0.00000151 11925.57924218 0.01342281 0.00000153 0.00000149 0.00000150 0.00000152 0.16822603 69 0
2020-02-24 12:26:40 BTC_NXT 0.00000151 11925.57924218 0.01342281 0.00000153 0.00000149 0.00000150 0.00000152 0.16822603 69 0
2020-02-24 12:26:10 BTC_NXT 0.00000151 11925.57924218 0.01342281 0.00000153 0.00000149 0.00000150 0.00000152 0.16822603 69 0
2020-02-24 12:25:39 BTC_NXT 0.00000151 11925.57924218 0.01342281 0.00000153 0.00000149 0.00000150 0.00000152 0.16822603 69 0
2020-02-24 12:25:09 BTC_NXT 0.00000151 11925.57924218 0.01342281 0.00000153 0.00000149 0.00000150 0.00000152 0.16822603 69 0
2020-02-24 12:23:56 BTC_NXT 0.00000151 11925.57924218 0.01342281 0.00000153 0.00000149 0.00000150 0.00000152 0.16822603 69 0
