DATE -- CURRENCY -- LAST -- QUOTE_VOLUME -- PER_CHG -- 24_HIGH -- 24_LOW -- HIGH_BID -- LOW_ASK -- BASE_VOLUME - ID - F -
2020-02-24 12:33:25 BTC_GAS 0.00020177 82.41442671 0.00769115 0.00020864 0.00019644 0.00020149 0.00020343 0.03664764 198 0
2020-02-24 12:32:54 BTC_GAS 0.00020177 82.41442671 0.00769115 0.00020864 0.00019644 0.00020149 0.00020343 0.03664764 198 0
2020-02-24 12:32:42 BTC_GAS 0.00020177 82.41442671 0.00769115 0.00020864 0.00019644 0.00020149 0.00020343 0.03664764 198 0
2020-02-24 12:32:12 BTC_GAS 0.00020177 82.41442671 0.00769115 0.00020864 0.00019644 0.00020149 0.00020343 0.03664764 198 0
2020-02-24 12:31:42 BTC_GAS 0.00020177 82.41442671 0.00769115 0.00020864 0.00019644 0.00020149 0.00020343 0.03664764 198 0
2020-02-24 12:31:12 BTC_GAS 0.00020177 82.41442671 0.00769115 0.00020864 0.00019644 0.00020149 0.00020343 0.03664764 198 0
2020-02-24 12:30:42 BTC_GAS 0.00020177 82.41442671 0.00769115 0.00020864 0.00019644 0.00020149 0.00020343 0.03664764 198 0
2020-02-24 12:30:11 BTC_GAS 0.00020177 82.41442671 0.00769115 0.00020864 0.00019644 0.00020149 0.00020343 0.03664764 198 0
2020-02-24 12:29:41 BTC_GAS 0.00020177 82.41442671 0.00769115 0.00020864 0.00019644 0.00020149 0.00020343 0.03664764 198 0
2020-02-24 12:29:11 BTC_GAS 0.00020177 82.41442671 0.00769115 0.00020864 0.00019644 0.00020149 0.00020343 0.03664764 198 0
2020-02-24 12:28:41 BTC_GAS 0.00020177 82.41442671 0.00769115 0.00020864 0.00019644 0.00020149 0.00020343 0.03664764 198 0
2020-02-24 12:28:11 BTC_GAS 0.00020177 82.41442671 0.00769115 0.00020864 0.00019644 0.00020149 0.00020343 0.03664764 198 0
2020-02-24 12:27:40 BTC_GAS 0.00020177 82.41442671 0.00769115 0.00020864 0.00019644 0.00020149 0.00020343 0.03664764 198 0
2020-02-24 12:27:10 BTC_GAS 0.00020177 82.41442671 0.00769115 0.00020864 0.00019644 0.00020149 0.00020343 0.03664764 198 0
2020-02-24 12:26:40 BTC_GAS 0.00020177 82.41442671 0.00769115 0.00020864 0.00019644 0.00020149 0.00020343 0.03664764 198 0
2020-02-24 12:26:10 BTC_GAS 0.00020177 82.41442671 0.00769115 0.00020864 0.00019644 0.00020149 0.00020343 0.03664764 198 0
2020-02-24 12:25:39 BTC_GAS 0.00020177 82.41442671 0.00769115 0.00020864 0.00019644 0.00020149 0.00020343 0.03664764 198 0
2020-02-24 12:25:09 BTC_GAS 0.00020177 82.41442671 0.00769115 0.00020864 0.00019644 0.00020149 0.00020343 0.03664764 198 0
2020-02-24 12:23:56 BTC_GAS 0.00020177 82.41442671 0.00769115 0.00020864 0.00019644 0.00020149 0.00020343 0.03664764 198 0
