DATE -- CURRENCY -- LAST -- QUOTE_VOLUME -- PER_CHG -- 24_HIGH -- 24_LOW -- HIGH_BID -- LOW_ASK -- BASE_VOLUME - ID - F -
2020-02-24 12:33:25 BTC_DASH 0.01059008 2.07691067 -0.02971131 0.01093423 0.01054184 0.01056526 0.01058998 10.75616853 24 0
2020-02-24 12:32:54 BTC_DASH 0.01058438 2.07691067 -0.03119842 0.01093423 0.01054184 0.01056279 0.01059009 10.75616853 24 0
2020-02-24 12:32:42 BTC_DASH 0.01058438 2.07691067 -0.03119842 0.01093423 0.01054184 0.01056175 0.01059063 10.75616853 24 0
2020-02-24 12:32:12 BTC_DASH 0.01058438 2.07691349 -0.03119842 0.01093423 0.01054184 0.01056164 0.01059814 10.75616856 24 0
2020-02-24 12:31:42 BTC_DASH 0.01058438 2.07691349 -0.03119842 0.01093423 0.01054184 0.01056072 0.01058438 10.75616856 24 0
2020-02-24 12:31:12 BTC_DASH 0.01058466 2.07691349 -0.03117279 0.01093423 0.01054184 0.01056326 0.01058443 10.75616856 24 0
2020-02-24 12:30:42 BTC_DASH 0.01058466 2.07691349 -0.03117279 0.01093423 0.01054184 0.01056295 0.01058446 10.75616856 24 0
2020-02-24 12:30:11 BTC_DASH 0.01058466 2.07689736 -0.03117279 0.01093423 0.01054184 0.01056256 0.01058446 10.75616839 24 0
2020-02-24 12:29:41 BTC_DASH 0.01058745 2.07689736 -0.03091742 0.01093423 0.01054184 0.01056246 0.01058484 10.75616839 24 0
2020-02-24 12:29:11 BTC_DASH 0.01058745 2.07689736 -0.03091742 0.01093423 0.01054184 0.01056172 0.01058490 10.75616839 24 0
2020-02-24 12:28:41 BTC_DASH 0.01058745 2.07689736 -0.03091742 0.01093423 0.01054184 0.01056171 0.01058687 10.75616839 24 0
2020-02-24 12:28:11 BTC_DASH 0.01055136 2.07689548 -0.03422078 0.01093423 0.01054184 0.01056067 0.01058811 10.75616837 24 0
2020-02-24 12:27:40 BTC_DASH 0.01055136 2.07689548 -0.03422078 0.01093423 0.01054184 0.01055761 0.01058571 10.75616837 24 0
2020-02-24 12:27:10 BTC_DASH 0.01055136 2.07661590 -0.03422078 0.01093423 0.01054184 0.01055258 0.01058722 10.75616542 24 0
2020-02-24 12:26:40 BTC_DASH 0.01055136 2.07661590 -0.03422078 0.01093423 0.01054184 0.01055138 0.01059392 10.75616542 24 0
2020-02-24 12:26:10 BTC_DASH 0.01055136 2.04664529 -0.03089708 0.01093423 0.01054184 0.01055136 0.01057260 10.75584920 24 0
2020-02-24 12:25:39 BTC_DASH 0.01055241 2.04664529 -0.03080064 0.01093423 0.01054184 0.01055136 0.01057393 10.75584920 24 0
2020-02-24 12:25:09 BTC_DASH 0.01055241 2.04664529 -0.03080064 0.01093423 0.01054184 0.01055116 0.01057552 10.75584920 24 0
2020-02-24 12:23:56 BTC_DASH 0.01055251 2.04451121 -0.03079145 0.01093423 0.01054184 0.01055232 0.01059520 10.75582668 24 0
