DATE -- CURRENCY -- LAST -- QUOTE_VOLUME -- PER_CHG -- 24_HIGH -- 24_LOW -- HIGH_BID -- LOW_ASK -- BASE_VOLUME - ID - F -
2020-02-24 12:33:25 BTC_OMG 0.00011124 302.40196878 -0.03362001 0.00011453 0.00011096 0.00011067 0.00011107 0.25982205 196 0
2020-02-24 12:32:54 BTC_OMG 0.00011124 302.40196878 -0.03362001 0.00011453 0.00011096 0.00011067 0.00011107 0.25982205 196 0
2020-02-24 12:32:42 BTC_OMG 0.00011124 302.40196878 -0.03362001 0.00011453 0.00011096 0.00011067 0.00011107 0.25982205 196 0
2020-02-24 12:32:12 BTC_OMG 0.00011124 302.40196878 -0.03362001 0.00011453 0.00011096 0.00011067 0.00011110 0.25982205 196 0
2020-02-24 12:31:42 BTC_OMG 0.00011124 302.40196878 -0.03362001 0.00011453 0.00011096 0.00011067 0.00011142 0.25982205 196 0
2020-02-24 12:31:12 BTC_OMG 0.00011124 302.40196878 -0.03362001 0.00011453 0.00011096 0.00011067 0.00011148 0.25982205 196 0
2020-02-24 12:30:42 BTC_OMG 0.00011124 302.40196878 -0.03362001 0.00011453 0.00011096 0.00011067 0.00011128 0.25982205 196 0
2020-02-24 12:30:11 BTC_OMG 0.00011124 302.40196878 -0.03362001 0.00011453 0.00011096 0.00011067 0.00011136 0.25982205 196 0
2020-02-24 12:29:41 BTC_OMG 0.00011124 302.40196878 -0.03362001 0.00011453 0.00011096 0.00011067 0.00011156 0.25982205 196 0
2020-02-24 12:29:11 BTC_OMG 0.00011124 302.40196878 -0.03362001 0.00011453 0.00011096 0.00011067 0.00011156 0.25982205 196 0
2020-02-24 12:28:41 BTC_OMG 0.00011124 302.40196878 -0.03362001 0.00011453 0.00011096 0.00011067 0.00011156 0.25982205 196 0
2020-02-24 12:28:11 BTC_OMG 0.00011124 302.40196878 -0.03362001 0.00011453 0.00011096 0.00011067 0.00011156 0.25982205 196 0
2020-02-24 12:27:40 BTC_OMG 0.00011124 302.40196878 -0.03362001 0.00011453 0.00011096 0.00011067 0.00011156 0.25982205 196 0
2020-02-24 12:27:10 BTC_OMG 0.00011124 302.40196878 -0.03362001 0.00011453 0.00011096 0.00011067 0.00011156 0.25982205 196 0
2020-02-24 12:26:40 BTC_OMG 0.00011124 302.40196878 -0.03362001 0.00011453 0.00011096 0.00011067 0.00011156 0.25982205 196 0
2020-02-24 12:26:10 BTC_OMG 0.00011124 302.40196878 -0.03362001 0.00011453 0.00011096 0.00011067 0.00011156 0.25982205 196 0
2020-02-24 12:25:39 BTC_OMG 0.00011124 302.40196878 -0.03362001 0.00011453 0.00011096 0.00011067 0.00011159 0.25982205 196 0
2020-02-24 12:25:09 BTC_OMG 0.00011124 302.40196878 -0.03362001 0.00011453 0.00011096 0.00011067 0.00011165 0.25982205 196 0
2020-02-24 12:23:56 BTC_OMG 0.00011124 302.40196878 -0.03362001 0.00011453 0.00011096 0.00011080 0.00011214 0.25982205 196 0
