DATE -- CURRENCY -- LAST -- QUOTE_VOLUME -- PER_CHG -- 24_HIGH -- 24_LOW -- HIGH_BID -- LOW_ASK -- BASE_VOLUME - ID - F -
2020-02-24 12:33:25 BTC_STORJ 0.00001596 5958.23020390 -0.02860620 0.00001677 0.00001579 0.00001600 0.00001611 0.26074545 200 0
2020-02-24 12:32:54 BTC_STORJ 0.00001596 5958.23020390 -0.02860620 0.00001677 0.00001579 0.00001600 0.00001611 0.26074545 200 0
2020-02-24 12:32:42 BTC_STORJ 0.00001596 5958.23020390 -0.02860620 0.00001677 0.00001579 0.00001600 0.00001611 0.26074545 200 0
2020-02-24 12:32:12 BTC_STORJ 0.00001596 5958.23020390 -0.02860620 0.00001677 0.00001579 0.00001600 0.00001611 0.26074545 200 0
2020-02-24 12:31:42 BTC_STORJ 0.00001596 5958.23020390 -0.02860620 0.00001677 0.00001579 0.00001600 0.00001611 0.26074545 200 0
2020-02-24 12:31:12 BTC_STORJ 0.00001596 5958.23020390 -0.02860620 0.00001677 0.00001579 0.00001600 0.00001611 0.26074545 200 0
2020-02-24 12:30:42 BTC_STORJ 0.00001596 5958.23020390 -0.02860620 0.00001677 0.00001579 0.00001600 0.00001611 0.26074545 200 0
2020-02-24 12:30:11 BTC_STORJ 0.00001596 5958.23020390 -0.02860620 0.00001677 0.00001579 0.00001600 0.00001611 0.26074545 200 0
2020-02-24 12:29:41 BTC_STORJ 0.00001596 5958.23020390 -0.02860620 0.00001677 0.00001579 0.00001600 0.00001614 0.26074545 200 0
2020-02-24 12:29:11 BTC_STORJ 0.00001596 5958.23020390 -0.02860620 0.00001677 0.00001579 0.00001600 0.00001614 0.26074545 200 0
2020-02-24 12:28:41 BTC_STORJ 0.00001596 5958.23020390 -0.02860620 0.00001677 0.00001579 0.00001600 0.00001614 0.26074545 200 0
2020-02-24 12:28:11 BTC_STORJ 0.00001596 5958.23020390 -0.02860620 0.00001677 0.00001579 0.00001600 0.00001614 0.26074545 200 0
2020-02-24 12:27:40 BTC_STORJ 0.00001596 5958.23020390 -0.02860620 0.00001677 0.00001579 0.00001600 0.00001614 0.26074545 200 0
2020-02-24 12:27:10 BTC_STORJ 0.00001596 5958.23020390 -0.02860620 0.00001677 0.00001579 0.00001600 0.00001614 0.26074545 200 0
2020-02-24 12:26:40 BTC_STORJ 0.00001596 5958.23020390 -0.02860620 0.00001677 0.00001579 0.00001600 0.00001614 0.26074545 200 0
2020-02-24 12:26:10 BTC_STORJ 0.00001596 5958.23020390 -0.02860620 0.00001677 0.00001579 0.00001600 0.00001614 0.26074545 200 0
2020-02-24 12:25:39 BTC_STORJ 0.00001596 5958.23020390 -0.02860620 0.00001677 0.00001579 0.00001600 0.00001614 0.26074545 200 0
2020-02-24 12:25:09 BTC_STORJ 0.00001596 5958.23020390 -0.02860620 0.00001677 0.00001579 0.00001600 0.00001614 0.26074545 200 0
2020-02-24 12:23:56 BTC_STORJ 0.00001596 5958.23020390 -0.02860620 0.00001677 0.00001579 0.00001600 0.00001614 0.26074545 200 0
