DATE -- CURRENCY -- LAST -- QUOTE_VOLUME -- PER_CHG -- 24_HIGH -- 24_LOW -- HIGH_BID -- LOW_ASK -- BASE_VOLUME - ID - F -
2020-02-24 12:33:25 BTC_REP 0.00135635 34.19708515 -0.01103908 0.00140994 0.00134800 0.00134850 0.00135632 2.81618037 174 0
2020-02-24 12:32:54 BTC_REP 0.00135635 34.19708515 -0.01103908 0.00140994 0.00134800 0.00134850 0.00135637 2.81618037 174 0
2020-02-24 12:32:42 BTC_REP 0.00135635 34.19708515 -0.01103908 0.00140994 0.00134800 0.00134850 0.00135653 2.81618037 174 0
2020-02-24 12:32:12 BTC_REP 0.00135635 34.19708515 -0.01103908 0.00140994 0.00134800 0.00134850 0.00135691 2.81618037 174 0
2020-02-24 12:31:42 BTC_REP 0.00135635 34.19708515 -0.01103908 0.00140994 0.00134800 0.00134849 0.00135705 2.81618037 174 0
2020-02-24 12:31:12 BTC_REP 0.00135635 34.19708515 -0.01103908 0.00140994 0.00134800 0.00134849 0.00135531 2.81618037 174 0
2020-02-24 12:30:42 BTC_REP 0.00135635 34.19708515 -0.01103908 0.00140994 0.00134800 0.00134849 0.00135578 2.81618037 174 0
2020-02-24 12:30:11 BTC_REP 0.00135635 34.12328414 -0.01103908 0.00140994 0.00134800 0.00134849 0.00135560 2.81608027 174 0
2020-02-24 12:29:41 BTC_REP 0.00135635 34.12328414 -0.01103908 0.00140994 0.00134800 0.00134849 0.00135635 2.81608027 174 0
2020-02-24 12:29:11 BTC_REP 0.00134800 34.12328414 -0.01363207 0.00140994 0.00134800 0.00134848 0.00135710 2.81608027 174 0
2020-02-24 12:28:41 BTC_REP 0.00134800 34.12328414 -0.01363207 0.00140994 0.00134800 0.00134834 0.00135710 2.81608027 174 0
2020-02-24 12:28:11 BTC_REP 0.00134800 34.21328414 -0.01363207 0.00140994 0.00134800 0.00134822 0.00135695 2.81620327 174 0
2020-02-24 12:27:40 BTC_REP 0.00134800 34.21328414 -0.01363207 0.00140994 0.00134800 0.00134810 0.00135679 2.81620327 174 0
2020-02-24 12:27:10 BTC_REP 0.00134800 34.21328414 -0.01363207 0.00140994 0.00134800 0.00134803 0.00135633 2.81620327 174 0
2020-02-24 12:26:40 BTC_REP 0.00134800 34.21328414 -0.01363207 0.00140994 0.00134800 0.00134803 0.00135709 2.81620327 174 0
2020-02-24 12:26:10 BTC_REP 0.00134800 34.21328414 -0.01363207 0.00140994 0.00134800 0.00134803 0.00135441 2.81620327 174 0
2020-02-24 12:25:39 BTC_REP 0.00134800 34.21328414 -0.01363207 0.00140994 0.00134800 0.00134803 0.00135433 2.81620327 174 0
2020-02-24 12:25:09 BTC_REP 0.00134800 34.21328414 -0.01363207 0.00140994 0.00134800 0.00134800 0.00135604 2.81620327 174 0
2020-02-24 12:23:56 BTC_REP 0.00134800 34.21328414 -0.01363207 0.00140994 0.00134800 0.00134801 0.00135502 2.81620327 174 0
