DATE -- CURRENCY -- LAST -- QUOTE_VOLUME -- PER_CHG -- 24_HIGH -- 24_LOW -- HIGH_BID -- LOW_ASK -- BASE_VOLUME - ID - F -
2020-02-24 12:33:25 BTC_BAT 0.00002668 1130.47207644 -0.03682310 0.00002777 0.00002650 0.00002662 0.00002668 0.57584592 210 0
2020-02-24 12:32:54 BTC_BAT 0.00002668 1130.47207644 -0.03682310 0.00002777 0.00002650 0.00002662 0.00002668 0.57584592 210 0
2020-02-24 12:32:42 BTC_BAT 0.00002668 1130.47207644 -0.03682310 0.00002777 0.00002650 0.00002662 0.00002668 0.57584592 210 0
2020-02-24 12:32:12 BTC_BAT 0.00002668 1130.47207644 -0.03682310 0.00002777 0.00002650 0.00002661 0.00002668 0.57584592 210 0
2020-02-24 12:31:42 BTC_BAT 0.00002668 1130.47207644 -0.03682310 0.00002777 0.00002650 0.00002661 0.00002668 0.57584592 210 0
2020-02-24 12:31:12 BTC_BAT 0.00002668 1130.47207644 -0.03682310 0.00002777 0.00002650 0.00002661 0.00002668 0.57584592 210 0
2020-02-24 12:30:42 BTC_BAT 0.00002668 1130.47207644 -0.03682310 0.00002777 0.00002650 0.00002661 0.00002668 0.57584592 210 0
2020-02-24 12:30:11 BTC_BAT 0.00002668 1130.47207644 -0.03682310 0.00002777 0.00002650 0.00002661 0.00002668 0.57584592 210 0
2020-02-24 12:29:41 BTC_BAT 0.00002668 1130.47207644 -0.03682310 0.00002777 0.00002650 0.00002661 0.00002668 0.57584592 210 0
2020-02-24 12:29:11 BTC_BAT 0.00002668 1130.47207644 -0.03682310 0.00002777 0.00002650 0.00002656 0.00002668 0.57584592 210 0
2020-02-24 12:28:41 BTC_BAT 0.00002668 1130.47207644 -0.03682310 0.00002777 0.00002650 0.00002658 0.00002668 0.57584592 210 0
2020-02-24 12:28:11 BTC_BAT 0.00002668 1130.47207644 -0.03682310 0.00002777 0.00002650 0.00002656 0.00002668 0.57584592 210 0
2020-02-24 12:27:40 BTC_BAT 0.00002668 1130.47207644 -0.03682310 0.00002777 0.00002650 0.00002655 0.00002668 0.57584592 210 0
2020-02-24 12:27:10 BTC_BAT 0.00002668 1130.47207644 -0.03682310 0.00002777 0.00002650 0.00002656 0.00002668 0.57584592 210 0
2020-02-24 12:26:40 BTC_BAT 0.00002668 1130.47207644 -0.03682310 0.00002777 0.00002650 0.00002655 0.00002667 0.57584592 210 0
2020-02-24 12:26:10 BTC_BAT 0.00002668 1130.47207644 -0.03682310 0.00002777 0.00002650 0.00002655 0.00002668 0.57584592 210 0
2020-02-24 12:25:39 BTC_BAT 0.00002668 1130.47207644 -0.03682310 0.00002777 0.00002650 0.00002655 0.00002668 0.57584592 210 0
2020-02-24 12:25:09 BTC_BAT 0.00002668 1130.47207644 -0.03682310 0.00002777 0.00002650 0.00002655 0.00002666 0.57584592 210 0
2020-02-24 12:23:56 BTC_BAT 0.00002668 1130.47207644 -0.03682310 0.00002777 0.00002650 0.00002658 0.00002668 0.57584592 210 0
