DATE -- CURRENCY -- LAST -- QUOTE_VOLUME -- PER_CHG -- 24_HIGH -- 24_LOW -- HIGH_BID -- LOW_ASK -- BASE_VOLUME - ID - F -
2020-02-24 12:33:25 BTC_BCN 0.00000005 7398743.62648593 0.00000000 0.00000006 0.00000005 0.00000005 0.00000006 2.06602141 7 0
2020-02-24 12:32:54 BTC_BCN 0.00000005 7398743.62648593 0.00000000 0.00000006 0.00000005 0.00000005 0.00000006 2.06602141 7 0
2020-02-24 12:32:42 BTC_BCN 0.00000005 7398743.62648593 0.00000000 0.00000006 0.00000005 0.00000005 0.00000006 2.06602141 7 0
2020-02-24 12:32:12 BTC_BCN 0.00000005 7398743.62648593 0.00000000 0.00000006 0.00000005 0.00000005 0.00000006 2.06602141 7 0
2020-02-24 12:31:42 BTC_BCN 0.00000005 7398743.62648593 0.00000000 0.00000006 0.00000005 0.00000005 0.00000006 2.06602141 7 0
2020-02-24 12:31:12 BTC_BCN 0.00000005 7398743.62648593 0.00000000 0.00000006 0.00000005 0.00000005 0.00000006 2.06602141 7 0
2020-02-24 12:30:42 BTC_BCN 0.00000005 7398743.62648593 0.00000000 0.00000006 0.00000005 0.00000005 0.00000006 2.06602141 7 0
2020-02-24 12:30:11 BTC_BCN 0.00000005 7348868.62648591 0.00000000 0.00000006 0.00000005 0.00000005 0.00000006 2.06352766 7 0
2020-02-24 12:29:41 BTC_BCN 0.00000005 7348868.62648591 0.00000000 0.00000006 0.00000005 0.00000005 0.00000006 2.06352766 7 0
2020-02-24 12:29:11 BTC_BCN 0.00000005 7348868.62648591 0.00000000 0.00000006 0.00000005 0.00000005 0.00000006 2.06352766 7 0
2020-02-24 12:28:41 BTC_BCN 0.00000005 7348868.62648591 0.00000000 0.00000006 0.00000005 0.00000005 0.00000006 2.06352766 7 0
2020-02-24 12:28:11 BTC_BCN 0.00000005 7348868.62648591 0.00000000 0.00000006 0.00000005 0.00000005 0.00000006 2.06352766 7 0
2020-02-24 12:27:40 BTC_BCN 0.00000005 7348868.62648591 0.00000000 0.00000006 0.00000005 0.00000005 0.00000006 2.06352766 7 0
2020-02-24 12:27:10 BTC_BCN 0.00000005 7348868.62648591 0.00000000 0.00000006 0.00000005 0.00000005 0.00000006 2.06352766 7 0
2020-02-24 12:26:40 BTC_BCN 0.00000005 7348868.62648591 0.00000000 0.00000006 0.00000005 0.00000005 0.00000006 2.06352766 7 0
2020-02-24 12:26:10 BTC_BCN 0.00000005 7348868.62648591 0.00000000 0.00000006 0.00000005 0.00000005 0.00000006 2.06352766 7 0
2020-02-24 12:25:39 BTC_BCN 0.00000005 7348868.62648591 0.00000000 0.00000006 0.00000005 0.00000005 0.00000006 2.06352766 7 0
2020-02-24 12:25:09 BTC_BCN 0.00000005 7348868.62648591 0.00000000 0.00000006 0.00000005 0.00000005 0.00000006 2.06352766 7 0
2020-02-24 12:23:56 BTC_BCN 0.00000005 7348868.62648591 0.00000000 0.00000006 0.00000005 0.00000005 0.00000006 2.06352766 7 0
