DATE -- CURRENCY -- LAST -- QUOTE_VOLUME -- PER_CHG -- 24_HIGH -- 24_LOW -- HIGH_BID -- LOW_ASK -- BASE_VOLUME - ID - F -
2020-02-24 12:33:25 BTC_MANA 0.00000537 764375.89358405 -0.02363636 0.00000584 0.00000534 0.00000532 0.00000537 9.89448165 229 0
2020-02-24 12:32:54 BTC_MANA 0.00000537 764375.89358405 -0.02363636 0.00000584 0.00000534 0.00000532 0.00000537 9.89448165 229 0
2020-02-24 12:32:42 BTC_MANA 0.00000537 764375.89358405 -0.02363636 0.00000584 0.00000534 0.00000532 0.00000537 9.89448165 229 0
2020-02-24 12:32:12 BTC_MANA 0.00000537 764375.89358405 -0.02363636 0.00000584 0.00000534 0.00000532 0.00000537 9.89448165 229 0
2020-02-24 12:31:42 BTC_MANA 0.00000537 764375.89358405 -0.02363636 0.00000584 0.00000534 0.00000532 0.00000536 9.89448165 229 0
2020-02-24 12:31:12 BTC_MANA 0.00000537 764356.91430627 -0.02363636 0.00000584 0.00000534 0.00000534 0.00000546 9.89437973 229 0
2020-02-24 12:30:42 BTC_MANA 0.00000537 764356.91430627 -0.02363636 0.00000584 0.00000534 0.00000532 0.00000536 9.89437973 229 0
2020-02-24 12:30:11 BTC_MANA 0.00000537 764356.91430627 -0.02363636 0.00000584 0.00000534 0.00000532 0.00000536 9.89437973 229 0
2020-02-24 12:29:41 BTC_MANA 0.00000537 764356.91430627 -0.02363636 0.00000584 0.00000534 0.00000532 0.00000536 9.89437973 229 0
2020-02-24 12:29:11 BTC_MANA 0.00000537 764356.91430627 -0.02363636 0.00000584 0.00000534 0.00000532 0.00000536 9.89437973 229 0
2020-02-24 12:28:41 BTC_MANA 0.00000537 764356.91430627 -0.02363636 0.00000584 0.00000534 0.00000532 0.00000536 9.89437973 229 0
2020-02-24 12:28:11 BTC_MANA 0.00000537 764356.91430627 -0.02363636 0.00000584 0.00000534 0.00000532 0.00000536 9.89437973 229 0
2020-02-24 12:27:40 BTC_MANA 0.00000537 764356.91430627 -0.02363636 0.00000584 0.00000534 0.00000532 0.00000537 9.89437973 229 0
2020-02-24 12:27:10 BTC_MANA 0.00000537 764338.27371037 -0.02363636 0.00000584 0.00000534 0.00000532 0.00000537 9.89427963 229 0
2020-02-24 12:26:40 BTC_MANA 0.00000537 764338.27371037 -0.02363636 0.00000584 0.00000534 0.00000532 0.00000537 9.89427963 229 0
2020-02-24 12:26:10 BTC_MANA 0.00000537 764338.27371037 -0.02363636 0.00000584 0.00000534 0.00000532 0.00000537 9.89427963 229 0
2020-02-24 12:25:39 BTC_MANA 0.00000537 764338.27371037 -0.02363636 0.00000584 0.00000534 0.00000532 0.00000537 9.89427963 229 0
2020-02-24 12:25:09 BTC_MANA 0.00000537 764338.27371037 -0.02363636 0.00000584 0.00000534 0.00000532 0.00000537 9.89427963 229 0
2020-02-24 12:23:56 BTC_MANA 0.00000537 764318.99693832 -0.02363636 0.00000584 0.00000534 0.00000532 0.00000537 9.89417611 229 0
