DATE -- CURRENCY -- LAST -- QUOTE_VOLUME -- PER_CHG -- 24_HIGH -- 24_LOW -- HIGH_BID -- LOW_ASK -- BASE_VOLUME - ID - F -
2020-02-24 12:33:25 BTC_ZRX 0.00002802 412.77901848 -0.03212435 0.00002923 0.00002801 0.00002808 0.00002821 1.15344145 192 0
2020-02-24 12:32:54 BTC_ZRX 0.00002802 412.77901848 -0.03212435 0.00002923 0.00002801 0.00002808 0.00002821 1.15344145 192 0
2020-02-24 12:32:42 BTC_ZRX 0.00002802 412.77901848 -0.03212435 0.00002923 0.00002801 0.00002807 0.00002820 1.15344145 192 0
2020-02-24 12:32:12 BTC_ZRX 0.00002802 412.77901848 -0.03212435 0.00002923 0.00002801 0.00002806 0.00002814 1.15344145 192 0
2020-02-24 12:31:42 BTC_ZRX 0.00002802 412.77901848 -0.03212435 0.00002923 0.00002801 0.00002806 0.00002815 1.15344145 192 0
2020-02-24 12:31:12 BTC_ZRX 0.00002802 412.77901848 -0.03212435 0.00002923 0.00002801 0.00002806 0.00002815 1.15344145 192 0
2020-02-24 12:30:42 BTC_ZRX 0.00002802 412.77901848 -0.03212435 0.00002923 0.00002801 0.00002805 0.00002815 1.15344145 192 0
2020-02-24 12:30:11 BTC_ZRX 0.00002802 4411.35720090 -0.03212435 0.00002923 0.00002801 0.00002808 0.00002815 1.26925442 192 0
2020-02-24 12:29:41 BTC_ZRX 0.00002802 4411.35720090 -0.03212435 0.00002923 0.00002801 0.00002808 0.00002815 1.26925442 192 0
2020-02-24 12:29:11 BTC_ZRX 0.00002802 4411.35720090 -0.03212435 0.00002923 0.00002801 0.00002806 0.00002815 1.26925442 192 0
2020-02-24 12:28:41 BTC_ZRX 0.00002802 4411.35720090 -0.03212435 0.00002923 0.00002801 0.00002806 0.00002815 1.26925442 192 0
2020-02-24 12:28:11 BTC_ZRX 0.00002802 4411.35720090 -0.03212435 0.00002923 0.00002801 0.00002806 0.00002815 1.26925442 192 0
2020-02-24 12:27:40 BTC_ZRX 0.00002802 4411.35720090 -0.03212435 0.00002923 0.00002801 0.00002808 0.00002815 1.26925442 192 0
2020-02-24 12:27:10 BTC_ZRX 0.00002802 4411.35720090 -0.03212435 0.00002923 0.00002801 0.00002805 0.00002815 1.26925442 192 0
2020-02-24 12:26:40 BTC_ZRX 0.00002802 4411.35720090 -0.03212435 0.00002923 0.00002801 0.00002802 0.00002815 1.26925442 192 0
2020-02-24 12:26:10 BTC_ZRX 0.00002802 4411.35720090 -0.03212435 0.00002923 0.00002801 0.00002802 0.00002813 1.26925442 192 0
2020-02-24 12:25:39 BTC_ZRX 0.00002802 4411.35720090 -0.03212435 0.00002923 0.00002801 0.00002802 0.00002814 1.26925442 192 0
2020-02-24 12:25:09 BTC_ZRX 0.00002802 4411.35720090 -0.03212435 0.00002923 0.00002801 0.00002802 0.00002813 1.26925442 192 0
2020-02-24 12:23:56 BTC_ZRX 0.00002802 3419.11380799 -0.03212435 0.00002923 0.00002806 0.00002802 0.00002825 1.24144906 192 0
