DATE -- CURRENCY -- LAST -- QUOTE_VOLUME -- PER_CHG -- 24_HIGH -- 24_LOW -- HIGH_BID -- LOW_ASK -- BASE_VOLUME - ID - F -
2020-02-24 12:33:25 BTC_ATOM 0.00046907 7458.93225254 -0.03386130 0.00049845 0.00046800 0.00046800 0.00046906 18.05508537 253 0
2020-02-24 12:32:54 BTC_ATOM 0.00046991 7458.93225254 -0.03213116 0.00049845 0.00046800 0.00046839 0.00047014 18.05508537 253 0
2020-02-24 12:32:42 BTC_ATOM 0.00046991 7458.93225254 -0.03213116 0.00049845 0.00046800 0.00046831 0.00047014 18.05508537 253 0
2020-02-24 12:32:12 BTC_ATOM 0.00046991 7458.92999570 -0.03213116 0.00049845 0.00046800 0.00046822 0.00047003 18.05508431 253 0
2020-02-24 12:31:42 BTC_ATOM 0.00047015 7458.92999570 -0.03163683 0.00049845 0.00046800 0.00046809 0.00046991 18.05508431 253 0
2020-02-24 12:31:12 BTC_ATOM 0.00047015 7456.81926686 -0.03163683 0.00049845 0.00046800 0.00046844 0.00047009 18.05409195 253 0
2020-02-24 12:30:42 BTC_ATOM 0.00047105 7456.81926686 -0.02978311 0.00049845 0.00046800 0.00046837 0.00047015 18.05409195 253 0
2020-02-24 12:30:11 BTC_ATOM 0.00047105 7456.81926686 -0.02978311 0.00049845 0.00046800 0.00046820 0.00047016 18.05409195 253 0
2020-02-24 12:29:41 BTC_ATOM 0.00047105 7456.81926686 -0.02978311 0.00049845 0.00046800 0.00046858 0.00047037 18.05409195 253 0
2020-02-24 12:29:11 BTC_ATOM 0.00047105 7456.81926686 -0.02978311 0.00049845 0.00046800 0.00046831 0.00047041 18.05409195 253 0
2020-02-24 12:28:41 BTC_ATOM 0.00047105 7456.81926686 -0.02978311 0.00049845 0.00046800 0.00046874 0.00047051 18.05409195 253 0
2020-02-24 12:28:11 BTC_ATOM 0.00047103 7456.81618997 -0.02982430 0.00049845 0.00046800 0.00046866 0.00047054 18.05409050 253 0
2020-02-24 12:27:40 BTC_ATOM 0.00047103 7456.81618997 -0.02982430 0.00049845 0.00046800 0.00046854 0.00047072 18.05409050 253 0
2020-02-24 12:27:10 BTC_ATOM 0.00047103 7456.81618997 -0.02982430 0.00049845 0.00046800 0.00046917 0.00047106 18.05409050 253 0
2020-02-24 12:26:40 BTC_ATOM 0.00047103 7456.81618997 -0.02982430 0.00049845 0.00046800 0.00046909 0.00047121 18.05409050 253 0
2020-02-24 12:26:10 BTC_ATOM 0.00047103 7456.59618997 -0.02982430 0.00049845 0.00046800 0.00046886 0.00047090 18.05398687 253 0
2020-02-24 12:25:39 BTC_ATOM 0.00047123 7456.59618997 -0.02941237 0.00049845 0.00046800 0.00046875 0.00047069 18.05398687 253 0
2020-02-24 12:25:09 BTC_ATOM 0.00047123 7456.59618997 -0.02941237 0.00049845 0.00046800 0.00046965 0.00047111 18.05398687 253 0
2020-02-24 12:23:56 BTC_ATOM 0.00046965 7456.05801189 -0.03266668 0.00049845 0.00046800 0.00046954 0.00047125 18.05373327 253 0
