DATE -- CURRENCY -- LAST -- QUOTE_VOLUME -- PER_CHG -- 24_HIGH -- 24_LOW -- HIGH_BID -- LOW_ASK -- BASE_VOLUME - ID - F -
2020-02-24 12:33:25 BTC_EOS 0.00042108 2225.30168978 -0.03157701 0.00044231 0.00041500 0.00042004 0.00042124 13.79956523 201 0
2020-02-24 12:32:54 BTC_EOS 0.00042108 2225.30168978 -0.03157701 0.00044231 0.00041500 0.00041989 0.00042089 13.79956523 201 0
2020-02-24 12:32:42 BTC_EOS 0.00042108 2225.30168978 -0.03157701 0.00044231 0.00041500 0.00041982 0.00042094 13.79956523 201 0
2020-02-24 12:32:12 BTC_EOS 0.00042108 2225.30168978 -0.03157701 0.00044231 0.00041500 0.00041964 0.00042114 13.79956523 201 0
2020-02-24 12:31:42 BTC_EOS 0.00042108 2225.30168978 -0.03157701 0.00044231 0.00041500 0.00041967 0.00042069 13.79956523 201 0
2020-02-24 12:31:12 BTC_EOS 0.00042108 2225.30168978 -0.03157701 0.00044231 0.00041500 0.00041991 0.00042105 13.79956523 201 0
2020-02-24 12:30:42 BTC_EOS 0.00042108 2225.30168978 -0.03157701 0.00044231 0.00041500 0.00042032 0.00042124 13.79956523 201 0
2020-02-24 12:30:11 BTC_EOS 0.00042108 2225.30168978 -0.03157701 0.00044231 0.00041500 0.00042034 0.00042124 13.79956523 201 0
2020-02-24 12:29:41 BTC_EOS 0.00042108 2225.30168978 -0.03157701 0.00044231 0.00041500 0.00042036 0.00042124 13.79956523 201 0
2020-02-24 12:29:11 BTC_EOS 0.00042108 2225.30168978 -0.03157701 0.00044231 0.00041500 0.00042031 0.00042137 13.79956523 201 0
2020-02-24 12:28:41 BTC_EOS 0.00042108 2225.30168978 -0.03157701 0.00044231 0.00041500 0.00042012 0.00042140 13.79956523 201 0
2020-02-24 12:28:11 BTC_EOS 0.00042108 2225.30168978 -0.03157701 0.00044231 0.00041500 0.00042023 0.00042165 13.79956523 201 0
2020-02-24 12:27:40 BTC_EOS 0.00042108 2225.30168978 -0.03157701 0.00044231 0.00041500 0.00042020 0.00042244 13.79956523 201 0
2020-02-24 12:27:10 BTC_EOS 0.00042108 1875.30168978 -0.03157701 0.00044231 0.00041500 0.00041995 0.00042144 13.65218723 201 0
2020-02-24 12:26:40 BTC_EOS 0.00042108 1875.30168978 -0.03157701 0.00044231 0.00041500 0.00041986 0.00042175 13.65218723 201 0
2020-02-24 12:26:10 BTC_EOS 0.00042057 1875.30168978 -0.03274993 0.00044231 0.00041500 0.00042106 0.00042208 13.65218723 201 0
2020-02-24 12:25:39 BTC_EOS 0.00042057 1875.30168978 -0.03274993 0.00044231 0.00041500 0.00042100 0.00042235 13.65218723 201 0
2020-02-24 12:25:09 BTC_EOS 0.00042057 1875.30168978 -0.03274993 0.00044231 0.00041500 0.00042068 0.00042198 13.65218723 201 0
2020-02-24 12:23:56 BTC_EOS 0.00042057 1875.30168978 -0.03274993 0.00044231 0.00041500 0.00042132 0.00042257 13.65218723 201 0
