DATE -- CURRENCY -- LAST -- QUOTE_VOLUME -- PER_CHG -- 24_HIGH -- 24_LOW -- HIGH_BID -- LOW_ASK -- BASE_VOLUME - ID - F -
2020-02-24 12:33:25 BTC_QTUM 0.00024393 981.88272196 -0.02739234 0.00025177 0.00024336 0.00024318 0.00024404 2.69977160 221 0
2020-02-24 12:32:54 BTC_QTUM 0.00024393 981.88272196 -0.02739234 0.00025177 0.00024336 0.00024318 0.00024319 2.69977160 221 0
2020-02-24 12:32:42 BTC_QTUM 0.00024393 981.88272196 -0.02739234 0.00025177 0.00024336 0.00024318 0.00024319 2.69977160 221 0
2020-02-24 12:32:12 BTC_QTUM 0.00024393 981.88272196 -0.02739234 0.00025177 0.00024336 0.00024318 0.00024325 2.69977160 221 0
2020-02-24 12:31:42 BTC_QTUM 0.00024393 981.88272196 -0.02739234 0.00025177 0.00024336 0.00024318 0.00024334 2.69977160 221 0
2020-02-24 12:31:12 BTC_QTUM 0.00024393 981.88272196 -0.02739234 0.00025177 0.00024336 0.00024318 0.00024343 2.69977160 221 0
2020-02-24 12:30:42 BTC_QTUM 0.00024393 981.88272196 -0.02739234 0.00025177 0.00024336 0.00024318 0.00024347 2.69977160 221 0
2020-02-24 12:30:11 BTC_QTUM 0.00024393 981.88272196 -0.02739234 0.00025177 0.00024336 0.00024318 0.00024352 2.69977160 221 0
2020-02-24 12:29:41 BTC_QTUM 0.00024393 981.88272196 -0.02739234 0.00025177 0.00024336 0.00024318 0.00024359 2.69977160 221 0
2020-02-24 12:29:11 BTC_QTUM 0.00024393 981.88272196 -0.02739234 0.00025177 0.00024336 0.00024318 0.00024375 2.69977160 221 0
2020-02-24 12:28:41 BTC_QTUM 0.00024393 981.88272196 -0.02739234 0.00025177 0.00024336 0.00024318 0.00024393 2.69977160 221 0
2020-02-24 12:28:11 BTC_QTUM 0.00024393 981.88272196 -0.02739234 0.00025177 0.00024336 0.00024318 0.00024452 2.69977160 221 0
2020-02-24 12:27:40 BTC_QTUM 0.00024393 981.88272196 -0.02739234 0.00025177 0.00024336 0.00024318 0.00024509 2.69977160 221 0
2020-02-24 12:27:10 BTC_QTUM 0.00024393 981.88272196 -0.02739234 0.00025177 0.00024336 0.00024318 0.00024509 2.69977160 221 0
2020-02-24 12:26:40 BTC_QTUM 0.00024393 981.88272196 -0.02739234 0.00025177 0.00024336 0.00024318 0.00024359 2.69977160 221 0
2020-02-24 12:26:10 BTC_QTUM 0.00024393 981.88272196 -0.02739234 0.00025177 0.00024336 0.00024318 0.00024364 2.69977160 221 0
2020-02-24 12:25:39 BTC_QTUM 0.00024393 981.88272196 -0.02739234 0.00025177 0.00024336 0.00024318 0.00024367 2.69977160 221 0
2020-02-24 12:25:09 BTC_QTUM 0.00024393 981.88272196 -0.02739234 0.00025177 0.00024336 0.00024318 0.00024373 2.69977160 221 0
2020-02-24 12:23:56 BTC_QTUM 0.00024393 981.39266967 -0.02739234 0.00025177 0.00024336 0.00024318 0.00024392 2.69965206 221 0
