DATE -- CURRENCY -- LAST -- QUOTE_VOLUME -- PER_CHG -- 24_HIGH -- 24_LOW -- HIGH_BID -- LOW_ASK -- BASE_VOLUME - ID - F -
2020-02-24 12:33:25 BTC_LTC 0.00765373 9766.92950904 -0.04363760 0.00803499 0.00761822 0.00764322 0.00765312 154.56717277 50 0
2020-02-24 12:32:54 BTC_LTC 0.00764310 9766.92950904 -0.04496586 0.00803499 0.00761822 0.00764320 0.00764887 154.56717277 50 0
2020-02-24 12:32:42 BTC_LTC 0.00764310 9766.92950904 -0.04496586 0.00803499 0.00761822 0.00764318 0.00764911 154.56717277 50 0
2020-02-24 12:32:12 BTC_LTC 0.00764310 9765.71640295 -0.04496586 0.00803499 0.00761822 0.00764310 0.00764842 154.55789486 50 0
2020-02-24 12:31:42 BTC_LTC 0.00764310 9765.71640295 -0.04496586 0.00803499 0.00761822 0.00764310 0.00765205 154.55789486 50 0
2020-02-24 12:31:12 BTC_LTC 0.00764844 9765.79453997 -0.04215742 0.00803499 0.00761822 0.00764850 0.00765577 154.55851879 50 0
2020-02-24 12:30:42 BTC_LTC 0.00764844 9765.79453997 -0.04215742 0.00803499 0.00761822 0.00764850 0.00765664 154.55851879 50 0
2020-02-24 12:30:11 BTC_LTC 0.00764844 9765.79387056 -0.04215742 0.00803499 0.00761822 0.00764846 0.00765686 154.55851367 50 0
2020-02-24 12:29:41 BTC_LTC 0.00764820 9765.79387056 -0.04218748 0.00803499 0.00761822 0.00764836 0.00765700 154.55851367 50 0
2020-02-24 12:29:11 BTC_LTC 0.00764820 9831.62883358 -0.04218748 0.00803499 0.00761822 0.00764828 0.00765735 155.08649807 50 0
2020-02-24 12:28:41 BTC_LTC 0.00764820 9831.62883358 -0.04218748 0.00803499 0.00761822 0.00764821 0.00765760 155.08649807 50 0
2020-02-24 12:28:11 BTC_LTC 0.00766160 9831.62876690 -0.04050093 0.00803499 0.00761822 0.00764815 0.00765984 155.08649756 50 0
2020-02-24 12:27:40 BTC_LTC 0.00766160 9831.62876690 -0.04050093 0.00803499 0.00761822 0.00764815 0.00766341 155.08649756 50 0
2020-02-24 12:27:10 BTC_LTC 0.00766160 9765.84672679 -0.04050093 0.00803499 0.00761822 0.00765005 0.00766430 154.58248036 50 0
2020-02-24 12:26:40 BTC_LTC 0.00766160 9765.84672679 -0.04050093 0.00803499 0.00761822 0.00765000 0.00766752 154.58248036 50 0
2020-02-24 12:26:10 BTC_LTC 0.00766084 9765.84672679 -0.04179732 0.00803499 0.00761822 0.00766378 0.00767048 154.58248036 50 0
2020-02-24 12:25:39 BTC_LTC 0.00766084 9765.84672679 -0.04179732 0.00803499 0.00761822 0.00766378 0.00767091 154.58248036 50 0
2020-02-24 12:25:09 BTC_LTC 0.00766084 9765.84672679 -0.04179732 0.00803499 0.00761822 0.00766378 0.00767127 154.58248036 50 0
2020-02-24 12:23:56 BTC_LTC 0.00766075 9785.84563219 -0.04301991 0.00803499 0.00761822 0.00766081 0.00767315 154.74246818 50 0
