DATE -- CURRENCY -- LAST -- QUOTE_VOLUME -- PER_CHG -- 24_HIGH -- 24_LOW -- HIGH_BID -- LOW_ASK -- BASE_VOLUME - ID - F -
2020-02-24 12:33:25 BTC_DOGE 0.00000027 5459605.55237411 0.00000000 0.00000028 0.00000026 0.00000026 0.00000027 12.23449830 27 0
2020-02-24 12:32:54 BTC_DOGE 0.00000027 5459605.55237411 0.00000000 0.00000028 0.00000026 0.00000026 0.00000027 12.23449830 27 0
2020-02-24 12:32:42 BTC_DOGE 0.00000027 5459605.55237411 0.00000000 0.00000028 0.00000026 0.00000026 0.00000027 12.23449830 27 0
2020-02-24 12:32:12 BTC_DOGE 0.00000027 5459605.62644817 0.00000000 0.00000028 0.00000026 0.00000026 0.00000027 12.23449832 27 0
2020-02-24 12:31:42 BTC_DOGE 0.00000027 5459605.62644817 0.00000000 0.00000028 0.00000026 0.00000026 0.00000027 12.23449832 27 0
2020-02-24 12:31:12 BTC_DOGE 0.00000027 5459605.62644817 0.00000000 0.00000028 0.00000026 0.00000026 0.00000027 12.23449832 27 0
2020-02-24 12:30:42 BTC_DOGE 0.00000027 5459605.62644817 0.00000000 0.00000028 0.00000026 0.00000026 0.00000027 12.23449832 27 0
2020-02-24 12:30:11 BTC_DOGE 0.00000027 5465355.62644817 0.00000000 0.00000028 0.00000026 0.00000026 0.00000027 12.23605082 27 0
2020-02-24 12:29:41 BTC_DOGE 0.00000027 5465355.62644817 0.00000000 0.00000028 0.00000026 0.00000026 0.00000027 12.23605082 27 0
2020-02-24 12:29:11 BTC_DOGE 0.00000027 5465355.62644817 0.00000000 0.00000028 0.00000026 0.00000026 0.00000027 12.23605082 27 0
2020-02-24 12:28:41 BTC_DOGE 0.00000027 5465355.62644817 0.00000000 0.00000028 0.00000026 0.00000026 0.00000027 12.23605082 27 0
2020-02-24 12:28:11 BTC_DOGE 0.00000027 5127540.77459631 0.00000000 0.00000028 0.00000026 0.00000026 0.00000027 12.14484025 27 0
2020-02-24 12:27:40 BTC_DOGE 0.00000026 5127540.77459631 -0.03703703 0.00000028 0.00000026 0.00000026 0.00000027 12.14484025 27 0
2020-02-24 12:27:10 BTC_DOGE 0.00000026 5133284.64716050 -0.03703703 0.00000028 0.00000026 0.00000026 0.00000027 12.14639115 27 0
2020-02-24 12:26:40 BTC_DOGE 0.00000026 5133284.64716050 -0.03703703 0.00000028 0.00000026 0.00000026 0.00000027 12.14639115 27 0
2020-02-24 12:26:10 BTC_DOGE 0.00000027 5113393.11625651 0.00000000 0.00000028 0.00000026 0.00000026 0.00000027 12.14102044 27 0
2020-02-24 12:25:39 BTC_DOGE 0.00000027 5113393.11625651 0.00000000 0.00000028 0.00000026 0.00000026 0.00000027 12.14102044 27 0
2020-02-24 12:25:09 BTC_DOGE 0.00000027 5113393.11625651 0.00000000 0.00000028 0.00000026 0.00000026 0.00000027 12.14102044 27 0
2020-02-24 12:23:56 BTC_DOGE 0.00000027 5124895.70100332 0.00000000 0.00000028 0.00000026 0.00000026 0.00000027 12.14412613 27 0
