DATE -- CURRENCY -- LAST -- QUOTE_VOLUME -- PER_CHG -- 24_HIGH -- 24_LOW -- HIGH_BID -- LOW_ASK -- BASE_VOLUME - ID - F -
2020-02-24 12:33:25 BTC_POLY 0.00000268 3779.48176114 -0.07586206 0.00000301 0.00000269 0.00000268 0.00000274 0.09384692 249 0
2020-02-24 12:32:54 BTC_POLY 0.00000269 3779.48176114 -0.07241379 0.00000301 0.00000269 0.00000269 0.00000276 0.09384692 249 0
2020-02-24 12:32:42 BTC_POLY 0.00000269 3779.48176114 -0.07241379 0.00000301 0.00000269 0.00000269 0.00000276 0.09384692 249 0
2020-02-24 12:32:12 BTC_POLY 0.00000269 3779.48176114 -0.07241379 0.00000301 0.00000269 0.00000269 0.00000279 0.09384692 249 0
2020-02-24 12:31:42 BTC_POLY 0.00000269 3779.48176114 -0.07241379 0.00000301 0.00000269 0.00000269 0.00000276 0.09384692 249 0
2020-02-24 12:31:12 BTC_POLY 0.00000269 3779.48176114 -0.07241379 0.00000301 0.00000269 0.00000269 0.00000277 0.09384692 249 0
2020-02-24 12:30:42 BTC_POLY 0.00000269 3779.48176114 -0.07241379 0.00000301 0.00000269 0.00000269 0.00000278 0.09384692 249 0
2020-02-24 12:30:11 BTC_POLY 0.00000269 3779.48176114 -0.07241379 0.00000301 0.00000269 0.00000269 0.00000279 0.09384692 249 0
2020-02-24 12:29:41 BTC_POLY 0.00000269 3779.48176114 -0.07241379 0.00000301 0.00000269 0.00000269 0.00000277 0.09384692 249 0
2020-02-24 12:29:11 BTC_POLY 0.00000269 3779.48176114 -0.07241379 0.00000301 0.00000269 0.00000269 0.00000277 0.09384692 249 0
2020-02-24 12:28:41 BTC_POLY 0.00000269 3779.48176114 -0.07241379 0.00000301 0.00000269 0.00000268 0.00000276 0.09384692 249 0
2020-02-24 12:28:11 BTC_POLY 0.00000269 3779.48176114 -0.07241379 0.00000301 0.00000269 0.00000268 0.00000277 0.09384692 249 0
2020-02-24 12:27:40 BTC_POLY 0.00000269 3779.48176114 -0.07241379 0.00000301 0.00000269 0.00000268 0.00000273 0.09384692 249 0
2020-02-24 12:27:10 BTC_POLY 0.00000269 3779.48176114 -0.07241379 0.00000301 0.00000269 0.00000268 0.00000279 0.09384692 249 0
2020-02-24 12:26:40 BTC_POLY 0.00000269 3779.48176114 -0.07241379 0.00000301 0.00000269 0.00000268 0.00000277 0.09384692 249 0
2020-02-24 12:26:10 BTC_POLY 0.00000269 3779.48176114 -0.07241379 0.00000301 0.00000269 0.00000268 0.00000279 0.09384692 249 0
2020-02-24 12:25:39 BTC_POLY 0.00000269 3779.48176114 -0.07241379 0.00000301 0.00000269 0.00000268 0.00000278 0.09384692 249 0
2020-02-24 12:25:09 BTC_POLY 0.00000269 3779.48176114 -0.07241379 0.00000301 0.00000269 0.00000268 0.00000274 0.09384692 249 0
2020-02-24 12:23:56 BTC_POLY 0.00000269 3779.48176114 -0.07241379 0.00000301 0.00000269 0.00000268 0.00000273 0.09384692 249 0
