DATE -- CURRENCY -- LAST -- QUOTE_VOLUME -- PER_CHG -- 24_HIGH -- 24_LOW -- HIGH_BID -- LOW_ASK -- BASE_VOLUME - ID - F -
2020-02-24 12:33:25 BTC_BCHABC 0.03873001 413.37298024 -0.03441789 0.04087048 0.03850000 0.03875001 0.03879369 96.27478481 236 0
2020-02-24 12:32:54 BTC_BCHABC 0.03873001 413.37298024 -0.03441789 0.04087048 0.03850000 0.03874500 0.03878692 96.27478481 236 0
2020-02-24 12:32:42 BTC_BCHABC 0.03873001 413.37298024 -0.03441789 0.04087048 0.03850000 0.03874001 0.03878755 96.27478481 236 0
2020-02-24 12:32:12 BTC_BCHABC 0.03873001 413.37292809 -0.03441789 0.04087048 0.03850000 0.03871000 0.03878774 96.27478279 236 0
2020-02-24 12:31:42 BTC_BCHABC 0.03873001 413.37292809 -0.03441789 0.04087048 0.03850000 0.03873501 0.03879369 96.27478279 236 0
2020-02-24 12:31:12 BTC_BCHABC 0.03877501 413.37292809 -0.03171431 0.04087048 0.03850000 0.03870724 0.03881321 96.27478279 236 0
2020-02-24 12:30:42 BTC_BCHABC 0.03877501 413.37292809 -0.03171431 0.04087048 0.03850000 0.03874501 0.03881805 96.27478279 236 0
2020-02-24 12:30:11 BTC_BCHABC 0.03877501 416.13819180 -0.03171431 0.04087048 0.03850000 0.03877501 0.03882034 96.38551795 236 0
2020-02-24 12:29:41 BTC_BCHABC 0.03880428 416.13819180 -0.03098338 0.04087048 0.03850000 0.03876001 0.03882412 96.38551795 236 0
2020-02-24 12:29:11 BTC_BCHABC 0.03880428 416.13819180 -0.03098338 0.04087048 0.03850000 0.03877001 0.03883472 96.38551795 236 0
2020-02-24 12:28:41 BTC_BCHABC 0.03880428 416.13819180 -0.03098338 0.04087048 0.03850000 0.03872007 0.03885452 96.38551795 236 0
2020-02-24 12:28:11 BTC_BCHABC 0.03880428 415.18477693 -0.03098338 0.04087048 0.03850000 0.03871323 0.03885285 96.34852137 236 0
2020-02-24 12:27:40 BTC_BCHABC 0.03880428 415.18477693 -0.03098338 0.04087048 0.03850000 0.03876000 0.03880428 96.34852137 236 0
2020-02-24 12:27:10 BTC_BCHABC 0.03880914 415.18477693 -0.03086202 0.04087048 0.03850000 0.03874000 0.03880787 96.34852137 236 0
2020-02-24 12:26:40 BTC_BCHABC 0.03880914 415.18477693 -0.03086202 0.04087048 0.03850000 0.03870749 0.03880787 96.34852137 236 0
2020-02-24 12:26:10 BTC_BCHABC 0.03880914 415.18477693 -0.03086202 0.04087048 0.03850000 0.03874501 0.03880795 96.34852137 236 0
2020-02-24 12:25:39 BTC_BCHABC 0.03880914 415.18477693 -0.03086202 0.04087048 0.03850000 0.03874501 0.03880803 96.34852137 236 0
2020-02-24 12:25:09 BTC_BCHABC 0.03880914 415.18477693 -0.03086202 0.04087048 0.03850000 0.03877501 0.03880810 96.34852137 236 0
2020-02-24 12:23:56 BTC_BCHABC 0.03880914 417.54469655 -0.03086202 0.04087048 0.03850000 0.03870006 0.03880913 96.44303418 236 0
