DATE -- CURRENCY -- LAST -- QUOTE_VOLUME -- PER_CHG -- 24_HIGH -- 24_LOW -- HIGH_BID -- LOW_ASK -- BASE_VOLUME - ID - F -
2020-02-24 12:33:25 BTC_DCR 0.00221479 49.35452800 0.01912360 0.00229827 0.00216594 0.00219720 0.00221479 1.22514099 162 0
2020-02-24 12:32:54 BTC_DCR 0.00220947 49.35452800 0.01667563 0.00229827 0.00216594 0.00219720 0.00220947 1.22514099 162 0
2020-02-24 12:32:42 BTC_DCR 0.00220947 49.35452800 0.01667563 0.00229827 0.00216594 0.00219720 0.00220947 1.22514099 162 0
2020-02-24 12:32:12 BTC_DCR 0.00220947 49.35452800 0.01667563 0.00229827 0.00216594 0.00219720 0.00220947 1.22514099 162 0
2020-02-24 12:31:42 BTC_DCR 0.00220947 49.35452800 0.01667563 0.00229827 0.00216594 0.00219720 0.00220947 1.22514099 162 0
2020-02-24 12:31:12 BTC_DCR 0.00220947 49.35452800 0.01667563 0.00229827 0.00216594 0.00219720 0.00220947 1.22514099 162 0
2020-02-24 12:30:42 BTC_DCR 0.00220947 49.35452800 0.01667563 0.00229827 0.00216594 0.00219720 0.00220947 1.22514099 162 0
2020-02-24 12:30:11 BTC_DCR 0.00220947 48.99105818 0.01667563 0.00229827 0.00216594 0.00219719 0.00220947 1.22433791 162 0
2020-02-24 12:29:41 BTC_DCR 0.00220947 48.99105818 0.01667563 0.00229827 0.00216594 0.00219719 0.00220947 1.22433791 162 0
2020-02-24 12:29:11 BTC_DCR 0.00220947 48.99105818 0.01667563 0.00229827 0.00216594 0.00219719 0.00220947 1.22433791 162 0
2020-02-24 12:28:41 BTC_DCR 0.00220947 48.99105818 0.01667563 0.00229827 0.00216594 0.00219719 0.00220947 1.22433791 162 0
2020-02-24 12:28:11 BTC_DCR 0.00220947 48.93992331 0.01667563 0.00229827 0.00216594 0.00219719 0.00220947 1.22422493 162 0
2020-02-24 12:27:40 BTC_DCR 0.00220721 48.93992331 0.01563571 0.00229827 0.00216594 0.00219719 0.00220947 1.22422493 162 0
2020-02-24 12:27:10 BTC_DCR 0.00220721 48.93992331 0.01563571 0.00229827 0.00216594 0.00219719 0.00220947 1.22422493 162 0
2020-02-24 12:26:40 BTC_DCR 0.00220721 48.93992331 0.01563571 0.00229827 0.00216594 0.00219719 0.00220947 1.22422493 162 0
2020-02-24 12:26:10 BTC_DCR 0.00220721 48.46474347 0.01563571 0.00229827 0.00216594 0.00219719 0.00220947 1.22317611 162 0
2020-02-24 12:25:39 BTC_DCR 0.00220721 48.46474347 0.01563571 0.00229827 0.00216594 0.00219719 0.00220947 1.22317611 162 0
2020-02-24 12:25:09 BTC_DCR 0.00220571 48.46474347 0.01494549 0.00229827 0.00216594 0.00219719 0.00220746 1.22317611 162 0
2020-02-24 12:23:56 BTC_DCR 0.00220228 47.78692897 0.01336719 0.00229827 0.00216594 0.00219719 0.00220250 1.22168180 162 0
