DATE -- HIGH -- LOW -- OPEN -- CLOSE -- VOLUME -- QUOTE_VOLUME -- WEIGHTED_AVERAGE 
2020-02-21 14:30:00 0.02737665 0.02727170 0.02727170 0.02733899 0.28362326 0.38671949 0.02730633
2020-02-21 14:25:00 0.02731701 0.02727747 0.02730600 0.02729815 1.67976591 1.51573945 0.02730627
2020-02-21 14:20:00 0.02738281 0.02728300 0.02738281 0.02728900 2.20283477 0.55783373 0.02734476
2020-02-21 14:15:00 0.02741152 0.02737700 0.02741152 0.02738291 0.37398652 3.65084204 0.02739659
2020-02-21 14:10:00 0.02744100 0.02739850 0.02744100 0.02740413 0.33661779 2.27898848 0.02741413
2020-02-21 14:05:00 0.02745119 0.02741900 0.02743368 0.02744100 0.20235221 0.37646371 0.02743214
2020-02-21 14:00:00 0.02743200 0.02736621 0.02739600 0.02743200 2.70331294 8.58672500 0.02742065
2020-02-21 13:55:00 0.02744599 0.02738463 0.02743999 0.02738495 1.34979092 9.26708822 0.02739741
2020-02-21 13:50:00 0.02745197 0.02741028 0.02741399 0.02743145 1.28689460 6.91506924 0.02743030
2020-02-21 13:45:00 0.02744705 0.02738199 0.02738199 0.02742501 1.23351411 4.95071103 0.02744148
2020-02-21 13:40:00 0.02742672 0.02737400 0.02740095 0.02737749 0.26923740 0.82787888 0.02739527
2020-02-21 13:35:00 0.02743440 0.02736515 0.02737583 0.02739801 2.10692199 6.87100941 0.02740853
2020-02-21 13:30:00 0.02744104 0.02737999 0.02744104 0.02737999 0.23712796 0.64962400 0.02741482
2020-02-21 13:25:00 0.02744101 0.02736502 0.02736699 0.02743601 1.03334198 7.68865684 0.02741785
2020-02-21 13:20:00 0.02741597 0.02738099 0.02741597 0.02738099 0.22392830 0.17217037 0.02740132
2020-02-21 13:15:00 0.02743297 0.02740501 0.02740898 0.02741997 0.71321767 6.00845922 0.02742252
2020-02-21 13:10:00 0.02744330 0.02739035 0.02739035 0.02740899 4.02235003 46.63776085 0.02743052
2020-02-21 13:05:00 0.02739020 0.02735503 0.02737299 0.02739020 0.54928431 0.06284899 0.02737818
2020-02-21 13:00:00 0.02740899 0.02732200 0.02736800 0.02737700 0.24939961 0.10815831 0.02738200
2020-02-21 12:55:00 0.02737400 0.02733286 0.02735885 0.02736800 2.55387255 3.39186292 0.02734577
2020-02-21 12:50:00 0.02741862 0.02734099 0.02741697 0.02734099 1.54810582 6.50373058 0.02739829
2020-02-21 12:45:00 0.02741431 0.02737899 0.02741201 0.02739200 3.02004680 10.24347535 0.02739433
2020-02-21 12:40:00 0.02746997 0.02739700 0.02745986 0.02740300 7.71084649 81.16438463 0.02742469
2020-02-21 12:35:00 0.02750300 0.02744099 0.02748699 0.02745986 1.77305514 4.53771225 0.02747316
2020-02-21 12:30:00 0.02750050 0.02745350 0.02748256 0.02748406 2.38172226 6.67109816 0.02748000
2020-02-21 12:25:00 0.02751401 0.02747800 0.02751386 0.02748254 0.82209104 9.88299590 0.02751032
2020-02-21 12:20:00 0.02752044 0.02745550 0.02752042 0.02750801 1.53074616 5.64419567 0.02750953
2020-02-21 12:15:00 0.02750801 0.02745800 0.02750001 0.02750801 0.58834082 1.41545124 0.02747272
2020-02-21 12:10:00 0.02754500 0.02748889 0.02753373 0.02750000 3.74479347 36.00135761 0.02753497
2020-02-21 12:05:00 0.02752800 0.02741100 0.02743301 0.02752800 2.20585390 0.29616181 0.02747147
2020-02-21 12:00:00 0.02746802 0.02739001 0.02745298 0.02743000 2.93764454 7.06057208 0.02743908
2020-02-21 11:55:00 0.02746498 0.02740713 0.02744498 0.02743986 0.63928771 3.29848905 0.02743902
2020-02-21 11:50:00 0.02749199 0.02741176 0.02745100 0.02744498 2.91305462 6.05773150 0.02746668
