DATE -- CURRENCY -- LAST -- QUOTE_VOLUME -- PER_CHG -- 24_HIGH -- 24_LOW -- HIGH_BID -- LOW_ASK -- BASE_VOLUME - ID - F -
2020-02-24 12:33:25 BTC_ZEC 0.00627264 22.83520376 -0.01621079 0.00644645 0.00621798 0.00626993 0.00628399 12.81702992 178 0
2020-02-24 12:32:54 BTC_ZEC 0.00627264 22.83520376 -0.01621079 0.00644645 0.00621798 0.00626753 0.00628397 12.81702992 178 0
2020-02-24 12:32:42 BTC_ZEC 0.00627264 22.83520376 -0.01621079 0.00644645 0.00621798 0.00626713 0.00628115 12.81702992 178 0
2020-02-24 12:32:12 BTC_ZEC 0.00627264 22.83520376 -0.01621079 0.00644645 0.00621798 0.00626424 0.00628117 12.81702992 178 0
2020-02-24 12:31:42 BTC_ZEC 0.00627264 22.83520376 -0.01621079 0.00644645 0.00621798 0.00626066 0.00628117 12.81702992 178 0
2020-02-24 12:31:12 BTC_ZEC 0.00627264 22.83520376 -0.01621079 0.00644645 0.00621798 0.00626734 0.00628128 12.81702992 178 0
2020-02-24 12:30:42 BTC_ZEC 0.00627264 22.83520376 -0.01621079 0.00644645 0.00621798 0.00626734 0.00628224 12.81702992 178 0
2020-02-24 12:30:11 BTC_ZEC 0.00627264 22.83520376 -0.01621079 0.00644645 0.00621798 0.00626777 0.00628285 12.81702992 178 0
2020-02-24 12:29:41 BTC_ZEC 0.00627264 22.83520376 -0.01621079 0.00644645 0.00621798 0.00626758 0.00628337 12.81702992 178 0
2020-02-24 12:29:11 BTC_ZEC 0.00627264 22.83520376 -0.01621079 0.00644645 0.00621798 0.00626724 0.00628371 12.81702992 178 0
2020-02-24 12:28:41 BTC_ZEC 0.00627264 22.83520376 -0.01621079 0.00644645 0.00621798 0.00626531 0.00628393 12.81702992 178 0
2020-02-24 12:28:11 BTC_ZEC 0.00627264 22.83520376 -0.01621079 0.00644645 0.00621798 0.00626480 0.00628394 12.81702992 178 0
2020-02-24 12:27:40 BTC_ZEC 0.00627264 22.83520376 -0.01621079 0.00644645 0.00621798 0.00626028 0.00628399 12.81702992 178 0
2020-02-24 12:27:10 BTC_ZEC 0.00627264 23.48028672 -0.01621079 0.00644645 0.00621798 0.00625724 0.00628043 12.82119154 178 0
2020-02-24 12:26:40 BTC_ZEC 0.00627264 23.48028672 -0.01621079 0.00644645 0.00621798 0.00625722 0.00628116 12.82119154 178 0
2020-02-24 12:26:10 BTC_ZEC 0.00628592 23.48028672 -0.01219606 0.00644645 0.00621798 0.00627264 0.00628118 12.82119154 178 0
2020-02-24 12:25:39 BTC_ZEC 0.00628592 23.48028672 -0.01219606 0.00644645 0.00621798 0.00627264 0.00628381 12.82119154 178 0
2020-02-24 12:25:09 BTC_ZEC 0.00628592 23.48028672 -0.01219606 0.00644645 0.00621798 0.00627264 0.00628500 12.82119154 178 0
2020-02-24 12:23:56 BTC_ZEC 0.00628592 24.67944943 -0.01219606 0.00644645 0.00621798 0.00627264 0.00628885 12.82883396 178 0
