DATE -- CURRENCY -- LAST -- QUOTE_VOLUME -- PER_CHG -- 24_HIGH -- 24_LOW -- HIGH_BID -- LOW_ASK -- BASE_VOLUME - ID - F -
2020-02-24 12:33:25 BTC_LSK 0.00015312 614.29341108 -0.05411415 0.00016571 0.00015240 0.00015206 0.00015245 1.69935701 163 0
2020-02-24 12:32:54 BTC_LSK 0.00015312 614.29341108 -0.05411415 0.00016571 0.00015240 0.00015206 0.00015275 1.69935701 163 0
2020-02-24 12:32:42 BTC_LSK 0.00015312 614.29341108 -0.05411415 0.00016571 0.00015240 0.00015206 0.00015269 1.69935701 163 0
2020-02-24 12:32:12 BTC_LSK 0.00015312 673.38843737 -0.05411415 0.00016571 0.00015240 0.00015206 0.00015284 1.70890003 163 0
2020-02-24 12:31:42 BTC_LSK 0.00015312 673.38843737 -0.05411415 0.00016571 0.00015240 0.00015206 0.00015285 1.70890003 163 0
2020-02-24 12:31:12 BTC_LSK 0.00015312 673.38843737 -0.05411415 0.00016571 0.00015240 0.00015206 0.00015321 1.70890003 163 0
2020-02-24 12:30:42 BTC_LSK 0.00015312 673.38843737 -0.05411415 0.00016571 0.00015240 0.00015206 0.00015327 1.70890003 163 0
2020-02-24 12:30:11 BTC_LSK 0.00015312 673.62244556 -0.05411415 0.00016571 0.00015240 0.00015206 0.00015331 1.70893770 163 0
2020-02-24 12:29:41 BTC_LSK 0.00015312 673.62244556 -0.05411415 0.00016571 0.00015240 0.00015206 0.00015337 1.70893770 163 0
2020-02-24 12:29:11 BTC_LSK 0.00015312 673.62244556 -0.05411415 0.00016571 0.00015240 0.00015206 0.00015341 1.70893770 163 0
2020-02-24 12:28:41 BTC_LSK 0.00015312 673.62244556 -0.05411415 0.00016571 0.00015240 0.00015206 0.00015343 1.70893770 163 0
2020-02-24 12:28:11 BTC_LSK 0.00015312 683.74243556 -0.05411415 0.00016571 0.00015240 0.00015206 0.00015347 1.71056692 163 0
2020-02-24 12:27:40 BTC_LSK 0.00015312 683.74243556 -0.05411415 0.00016571 0.00015240 0.00015206 0.00015347 1.71056692 163 0
2020-02-24 12:27:10 BTC_LSK 0.00015312 711.18905075 -0.05411415 0.00016571 0.00015240 0.00015206 0.00015349 1.71499378 163 0
2020-02-24 12:26:40 BTC_LSK 0.00015312 711.18905075 -0.05411415 0.00016571 0.00015240 0.00015206 0.00015352 1.71499378 163 0
2020-02-24 12:26:10 BTC_LSK 0.00015312 711.18905075 -0.05411415 0.00016571 0.00015240 0.00015206 0.00015325 1.71499378 163 0
2020-02-24 12:25:39 BTC_LSK 0.00015312 711.18905075 -0.05411415 0.00016571 0.00015240 0.00015206 0.00015328 1.71499378 163 0
2020-02-24 12:25:09 BTC_LSK 0.00015312 711.18905075 -0.05411415 0.00016571 0.00015240 0.00015206 0.00015333 1.71499378 163 0
2020-02-24 12:23:56 BTC_LSK 0.00015312 711.18905075 -0.05411415 0.00016571 0.00015240 0.00015206 0.00015339 1.71499378 163 0
