DATE -- CURRENCY -- LAST -- QUOTE_VOLUME -- PER_CHG -- 24_HIGH -- 24_LOW -- HIGH_BID -- LOW_ASK -- BASE_VOLUME - ID - F -
2020-02-24 12:33:25 BTC_NMR 0.00080800 278.82083208 -0.16008316 0.00097324 0.00080800 0.00080800 0.00082022 2.04223062 248 0
2020-02-24 12:32:54 BTC_NMR 0.00080800 278.82083208 -0.16008316 0.00097324 0.00080800 0.00080800 0.00082022 2.04223062 248 0
2020-02-24 12:32:42 BTC_NMR 0.00080800 278.82083208 -0.16008316 0.00097324 0.00080800 0.00080800 0.00082022 2.04223062 248 0
2020-02-24 12:32:12 BTC_NMR 0.00080800 278.82083208 -0.16008316 0.00097324 0.00080800 0.00080800 0.00082022 2.04223062 248 0
2020-02-24 12:31:42 BTC_NMR 0.00080800 278.82083208 -0.16008316 0.00097324 0.00080800 0.00080800 0.00082022 2.04223062 248 0
2020-02-24 12:31:12 BTC_NMR 0.00080800 278.82083208 -0.16008316 0.00097324 0.00080800 0.00080800 0.00082022 2.04223062 248 0
2020-02-24 12:30:42 BTC_NMR 0.00080800 278.82083208 -0.16008316 0.00097324 0.00080800 0.00080800 0.00082022 2.04223062 248 0
2020-02-24 12:30:11 BTC_NMR 0.00080800 278.82083208 -0.16008316 0.00097324 0.00080800 0.00080800 0.00082022 2.04223062 248 0
2020-02-24 12:29:41 BTC_NMR 0.00080800 278.82083208 -0.16008316 0.00097324 0.00080800 0.00080800 0.00082022 2.04223062 248 0
2020-02-24 12:29:11 BTC_NMR 0.00080800 278.67229896 -0.16008316 0.00097324 0.00080800 0.00080800 0.00082022 2.04211060 248 0
2020-02-24 12:28:41 BTC_NMR 0.00080800 278.67229896 -0.16008316 0.00097324 0.00080800 0.00080800 0.00082022 2.04211060 248 0
2020-02-24 12:28:11 BTC_NMR 0.00080800 278.67229896 -0.16008316 0.00097324 0.00080800 0.00080800 0.00082022 2.04211060 248 0
2020-02-24 12:27:40 BTC_NMR 0.00080800 278.67229896 -0.16008316 0.00097324 0.00080800 0.00080800 0.00082022 2.04211060 248 0
2020-02-24 12:27:10 BTC_NMR 0.00080800 278.66567364 -0.16008316 0.00097324 0.00080808 0.00080800 0.00082022 2.04212712 248 0
2020-02-24 12:26:40 BTC_NMR 0.00080800 278.66567364 -0.16008316 0.00097324 0.00080808 0.00080800 0.00082022 2.04212712 248 0
2020-02-24 12:26:10 BTC_NMR 0.00080808 278.66567364 -0.16000000 0.00097324 0.00080808 0.00080808 0.00082022 2.04212712 248 0
2020-02-24 12:25:39 BTC_NMR 0.00080808 278.66567364 -0.16000000 0.00097324 0.00080808 0.00080808 0.00082022 2.04212712 248 0
2020-02-24 12:25:09 BTC_NMR 0.00080808 278.66567364 -0.16000000 0.00097324 0.00080808 0.00080808 0.00082022 2.04212712 248 0
2020-02-24 12:23:56 BTC_NMR 0.00080808 278.66567364 -0.16000000 0.00097324 0.00080808 0.00080808 0.00082022 2.04212712 248 0
