DATE -- CURRENCY -- LAST -- QUOTE_VOLUME -- PER_CHG -- 24_HIGH -- 24_LOW -- HIGH_BID -- LOW_ASK -- BASE_VOLUME - ID - F -
2020-02-24 12:33:25 BTC_BNT 0.00003440 3.20646574 -0.00893114 0.00003448 0.00003380 0.00003405 0.00003449 0.00284396 232 0
2020-02-24 12:32:54 BTC_BNT 0.00003440 3.20646574 -0.00893114 0.00003448 0.00003380 0.00003405 0.00003449 0.00284396 232 0
2020-02-24 12:32:42 BTC_BNT 0.00003440 3.20646574 -0.00893114 0.00003448 0.00003380 0.00003405 0.00003449 0.00284396 232 0
2020-02-24 12:32:12 BTC_BNT 0.00003440 3.20646574 -0.00893114 0.00003448 0.00003380 0.00003405 0.00003449 0.00284396 232 0
2020-02-24 12:31:42 BTC_BNT 0.00003440 3.20646574 -0.00893114 0.00003448 0.00003380 0.00003405 0.00003449 0.00284396 232 0
2020-02-24 12:31:12 BTC_BNT 0.00003440 3.20646574 -0.00893114 0.00003448 0.00003380 0.00003405 0.00003449 0.00284396 232 0
2020-02-24 12:30:42 BTC_BNT 0.00003440 3.20646574 -0.00893114 0.00003448 0.00003380 0.00003405 0.00003449 0.00284396 232 0
2020-02-24 12:30:11 BTC_BNT 0.00003440 3.20646574 -0.00893114 0.00003448 0.00003380 0.00003405 0.00003449 0.00284396 232 0
2020-02-24 12:29:41 BTC_BNT 0.00003440 3.20646574 -0.00893114 0.00003448 0.00003380 0.00003405 0.00003449 0.00284396 232 0
2020-02-24 12:29:11 BTC_BNT 0.00003440 3.20646574 -0.00893114 0.00003448 0.00003380 0.00003405 0.00003449 0.00284396 232 0
2020-02-24 12:28:41 BTC_BNT 0.00003440 3.20646574 -0.00893114 0.00003448 0.00003380 0.00003405 0.00003449 0.00284396 232 0
2020-02-24 12:28:11 BTC_BNT 0.00003440 3.20646574 -0.00893114 0.00003448 0.00003380 0.00003405 0.00003449 0.00284396 232 0
2020-02-24 12:27:40 BTC_BNT 0.00003440 3.20646574 -0.00893114 0.00003448 0.00003380 0.00003405 0.00003449 0.00284396 232 0
2020-02-24 12:27:10 BTC_BNT 0.00003440 3.20646574 -0.00893114 0.00003448 0.00003380 0.00003405 0.00003449 0.00284396 232 0
2020-02-24 12:26:40 BTC_BNT 0.00003440 3.20646574 -0.00893114 0.00003448 0.00003380 0.00003405 0.00003449 0.00284396 232 0
2020-02-24 12:26:10 BTC_BNT 0.00003440 3.20646574 -0.00893114 0.00003448 0.00003380 0.00003405 0.00003449 0.00284396 232 0
2020-02-24 12:25:39 BTC_BNT 0.00003440 3.20646574 -0.00893114 0.00003448 0.00003380 0.00003405 0.00003449 0.00284396 232 0
2020-02-24 12:25:09 BTC_BNT 0.00003440 3.20646574 -0.00893114 0.00003448 0.00003380 0.00003405 0.00003449 0.00284396 232 0
2020-02-24 12:23:56 BTC_BNT 0.00003440 3.20646574 -0.00893114 0.00003448 0.00003380 0.00003405 0.00003449 0.00284396 232 0
