DATE -- CURRENCY -- LAST -- QUOTE_VOLUME -- PER_CHG -- 24_HIGH -- 24_LOW -- HIGH_BID -- LOW_ASK -- BASE_VOLUME - ID - F -
2020-02-24 12:33:25 BTC_TRX 0.00000206 8032181.99691874 -0.02830188 0.00000216 0.00000205 0.00000206 0.00000207 58.91463387 263 0
2020-02-24 12:32:54 BTC_TRX 0.00000206 8032181.99691874 -0.02830188 0.00000216 0.00000205 0.00000206 0.00000207 58.91463387 263 0
2020-02-24 12:32:42 BTC_TRX 0.00000206 8032181.99691874 -0.02830188 0.00000216 0.00000205 0.00000206 0.00000207 58.91463387 263 0
2020-02-24 12:32:12 BTC_TRX 0.00000206 8238826.29656408 -0.02830188 0.00000216 0.00000205 0.00000206 0.00000207 59.35271978 263 0
2020-02-24 12:31:42 BTC_TRX 0.00000206 8238826.29656408 -0.02830188 0.00000216 0.00000205 0.00000206 0.00000207 59.35271978 263 0
2020-02-24 12:31:12 BTC_TRX 0.00000206 8389368.36985133 -0.02830188 0.00000216 0.00000205 0.00000206 0.00000207 59.67186898 263 0
2020-02-24 12:30:42 BTC_TRX 0.00000206 8389368.36985133 -0.02830188 0.00000216 0.00000205 0.00000206 0.00000207 59.67186898 263 0
2020-02-24 12:30:11 BTC_TRX 0.00000206 8430013.52848910 -0.02830188 0.00000216 0.00000205 0.00000206 0.00000207 59.75803672 263 0
2020-02-24 12:29:41 BTC_TRX 0.00000206 8430013.52848910 -0.02830188 0.00000216 0.00000205 0.00000206 0.00000207 59.75803672 263 0
2020-02-24 12:29:11 BTC_TRX 0.00000206 8430313.30348910 -0.02830188 0.00000216 0.00000205 0.00000206 0.00000207 59.75867224 263 0
2020-02-24 12:28:41 BTC_TRX 0.00000206 8430313.30348910 -0.02830188 0.00000216 0.00000205 0.00000206 0.00000207 59.75867224 263 0
2020-02-24 12:28:11 BTC_TRX 0.00000206 8430313.30348910 -0.02830188 0.00000216 0.00000205 0.00000206 0.00000207 59.75867224 263 0
2020-02-24 12:27:40 BTC_TRX 0.00000206 8430313.30348910 -0.02830188 0.00000216 0.00000205 0.00000206 0.00000207 59.75867224 263 0
2020-02-24 12:27:10 BTC_TRX 0.00000206 8363094.50335438 -0.02830188 0.00000216 0.00000205 0.00000205 0.00000206 59.62949442 263 0
2020-02-24 12:26:40 BTC_TRX 0.00000206 8363094.50335438 -0.02830188 0.00000216 0.00000205 0.00000205 0.00000206 59.62949442 263 0
2020-02-24 12:26:10 BTC_TRX 0.00000206 8453857.90504835 -0.02830188 0.00000216 0.00000205 0.00000205 0.00000206 59.82189260 263 0
2020-02-24 12:25:39 BTC_TRX 0.00000206 8453857.90504835 -0.02830188 0.00000216 0.00000205 0.00000205 0.00000206 59.82189260 263 0
2020-02-24 12:25:09 BTC_TRX 0.00000206 8453857.90504835 -0.02830188 0.00000216 0.00000205 0.00000205 0.00000206 59.82189260 263 0
2020-02-24 12:23:56 BTC_TRX 0.00000205 8512713.88444093 -0.03301886 0.00000216 0.00000205 0.00000205 0.00000206 59.94994391 263 0
