2020-02-25 13:57:39 -- PRICES -- QUANTITY -- SUM
0.02641099 0.00110000 0.00384500
0.02642530 0.00131276 0.00515776
0.02642789 0.00132139 0.00647915
0.02643830 0.00037756 0.00685672
0.02643917 0.00132196 0.00817868
0.02645000 0.26450000 0.27267868
0.02645208 0.16149479 0.43417347
0.02645500 0.02987267 0.46404614
0.02646244 0.00011100 0.46415714
0.02650000 0.74302232 1.20717946
0.02651265 0.00098097 1.20816042
0.02651973 0.00040000 1.20856042
0.02652075 0.00013759 1.20869801
0.02653611 0.11802888 1.32672690
0.02655000 0.09958905 1.42631595
0.02655465 0.01589286 1.44220881
0.02656556 0.00019659 1.44240539
0.02657000 0.02660543 1.46901082
0.02657218 6.67121151 8.14022234
0.02658631 0.00497164 8.14519398
0.02660000 0.00053751 8.14573149
0.02660010 0.80060566 8.94633714
0.02664157 0.00014872 8.94648586
0.02664558 0.00029183 8.94677770
0.02665120 0.00038060 8.94715830
0.02665336 0.00013759 8.94729589
0.02667808 0.00057174 8.94786764
0.02667809 12.97168770 21.91955534
0.02667810 0.42638155 22.34593689
0.02670601 0.00850826 22.35444515
0.02670608 0.03197864 22.38642379
0.02673053 0.01200000 22.39842379
0.02675857 0.51441005 22.91283385
0.02676209 0.00305036 22.91588421
0.02677243 1.35441723 24.27030144
0.02678860 0.40048957 24.67079101
0.02679099 0.53581980 25.20661081
0.02679367 0.08038101 25.28699182
0.02680319 0.40204785 25.68903967
0.02681481 0.44512585 26.13416552
0.02682556 0.48286008 26.61702560
0.02683868 0.45088982 27.06791542
0.02684584 0.06596023 27.13387565
0.02685001 0.59070022 27.72457587
0.02685090 0.16110540 27.88568127
0.02685144 2.20181808 30.08749935
0.02685881 0.39970049 30.48719984
0.02685882 0.19983315 30.68703299
0.02685892 0.10743568 30.79446867
