DATE -- CURRENCY -- LAST -- QUOTE_VOLUME -- PER_CHG -- 24_HIGH -- 24_LOW -- HIGH_BID -- LOW_ASK -- BASE_VOLUME - ID - F -
2020-02-24 12:33:25 BTC_LPT 0.00017334 978.29749099 0.07564381 0.00018000 0.00015998 0.00017084 0.00017336 1.02772817 250 0
2020-02-24 12:32:54 BTC_LPT 0.00017334 978.29749099 0.07564381 0.00018000 0.00015998 0.00017084 0.00017336 1.02772817 250 0
2020-02-24 12:32:42 BTC_LPT 0.00017334 978.29749099 0.07564381 0.00018000 0.00015998 0.00017084 0.00017336 1.02772817 250 0
2020-02-24 12:32:12 BTC_LPT 0.00017334 978.29749099 0.07564381 0.00018000 0.00015998 0.00017084 0.00017336 1.02772817 250 0
2020-02-24 12:31:42 BTC_LPT 0.00017334 978.29749099 0.07564381 0.00018000 0.00015998 0.00017084 0.00017336 1.02772817 250 0
2020-02-24 12:31:12 BTC_LPT 0.00017334 978.29749099 0.07564381 0.00018000 0.00015998 0.00017084 0.00017336 1.02772817 250 0
2020-02-24 12:30:42 BTC_LPT 0.00017334 978.29749099 0.07564381 0.00018000 0.00015998 0.00017084 0.00017336 1.02772817 250 0
2020-02-24 12:30:11 BTC_LPT 0.00017334 978.29749099 0.07564381 0.00018000 0.00015998 0.00017084 0.00017336 1.02772817 250 0
2020-02-24 12:29:41 BTC_LPT 0.00017334 978.29749099 0.07564381 0.00018000 0.00015998 0.00017084 0.00017336 1.02772817 250 0
2020-02-24 12:29:11 BTC_LPT 0.00017334 978.29749099 0.07564381 0.00018000 0.00015998 0.00017084 0.00017336 1.02772817 250 0
2020-02-24 12:28:41 BTC_LPT 0.00017334 978.29749099 0.07564381 0.00018000 0.00015998 0.00017084 0.00017336 1.02772817 250 0
2020-02-24 12:28:11 BTC_LPT 0.00017334 978.29749099 0.07564381 0.00018000 0.00015998 0.00017084 0.00017336 1.02772817 250 0
2020-02-24 12:27:40 BTC_LPT 0.00017334 978.29749099 0.07564381 0.00018000 0.00015998 0.00017084 0.00017336 1.02772817 250 0
2020-02-24 12:27:10 BTC_LPT 0.00017334 978.29749099 0.07564381 0.00018000 0.00015998 0.00017084 0.00017336 1.02772817 250 0
2020-02-24 12:26:40 BTC_LPT 0.00017334 978.29749099 0.07564381 0.00018000 0.00015998 0.00017084 0.00017336 1.02772817 250 0
2020-02-24 12:26:10 BTC_LPT 0.00017334 978.29749099 0.07564381 0.00018000 0.00015998 0.00017084 0.00017336 1.02772817 250 0
2020-02-24 12:25:39 BTC_LPT 0.00017334 978.29749099 0.07564381 0.00018000 0.00015998 0.00017084 0.00017336 1.02772817 250 0
2020-02-24 12:25:09 BTC_LPT 0.00017334 978.29749099 0.07564381 0.00018000 0.00015998 0.00017084 0.00017336 1.02772817 250 0
2020-02-24 12:23:56 BTC_LPT 0.00017334 947.49020246 0.07564381 0.00018000 0.00015998 0.00017334 0.00017336 1.02238804 250 0
