
bid
1072043
2020-02-20 13:38:42
ETHBNT

PRICES ----- QUANTITY ----- SUM
0.00000004 0.00356657 0.01456657
0.00000040 0.03000000 0.04456657
0.00000043 0.00400836 0.04857493
0.00000080 0.00163115 0.05020608
0.00000103 0.07863629 0.12884237
0.00000104 0.00665483 0.13549720
0.00000200 0.00310000 0.13859720
0.00000550 0.00613070 0.14472790
0.00001000 0.01075000 0.15547790
0.00001005 0.00226125 0.15773915
0.00001505 0.00075250 0.15849165
0.00001640 0.00393600 0.16242765
0.00002000 0.00310000 0.16552765
0.00002100 0.00642398 0.17195163
0.00002302 0.02000000 0.19195163
0.00002899 0.00124070 0.19319233
0.00002975 0.02039466 0.21358700
0.00002999 0.00056712 0.21415412
0.00003000 0.01654255 0.23069667
0.00003006 0.01062226 0.24131893
0.00003050 0.00010001 0.24141894
0.00003060 0.00199697 0.24341591
0.00003061 0.00060000 0.24401591
0.00003212 0.00403939 0.24805530
0.00003251 0.00242197 0.25047727
0.00003253 0.02277100 0.27324827
0.00003301 0.00500000 0.27824827
0.00003400 0.00571891 0.28396718
0.00003415 0.00100000 0.28496718
0.00003450 0.00013650 0.28510368
0.00003500 0.00017500 0.28527868
0.00003501 0.00522738 0.29050606
0.00003555 0.00082551 0.29133157
0.00003556 0.00060000 0.29193157
0.00003605 0.00018418 0.29211575
0.00003700 0.03452662 0.32664237
0.00003790 0.01047277 0.33711513
0.00003800 0.00499550 0.34211063
0.00003803 0.00500000 0.34711063
0.00003810 0.00100000 0.34811063
0.00003850 0.00171875 0.34982938
0.00003951 0.00010713 0.34993652
0.00003973 0.00494873 0.35488525
0.00004026 0.00011000 0.35499525
0.00004030 0.00010001 0.35509526
0.00004040 0.00134043 0.35643569
0.00004057 0.00100000 0.35743569
0.00004060 0.00685166 0.36428735
0.00004199 0.00100963 0.36529698
0.00004200 0.00154210 0.36683908
0.00004421 0.00014854 0.36698762
0.00004422 0.01207145 0.37905907
0.00004423 0.01222144 0.39128050
0.00004490 0.00022430 0.39150480
0.00004500 0.00325255 0.39475736
0.00004570 0.00045580 0.39521315
0.00004589 0.00091780 0.39613095
0.00004600 0.00504657 0.40117752
0.00004610 0.00461000 0.40578752
0.00004678 0.04216132 0.44794884
0.00004700 0.00026077 0.44820961
0.00004710 0.00471000 0.45291961
0.00004796 0.00095834 0.45387794
0.00004800 0.00456000 0.45843794
0.00004844 0.00096880 0.45940674
0.00004871 0.00512500 0.46453174
0.00004899 0.00048990 0.46502164
0.00004900 0.00049000 0.46551164
0.00004989 0.00016763 0.46567927
0.00004990 0.00748500 0.47316427
0.00005000 0.01498650 0.48815077
0.00005008 0.00039320 0.48854397
0.00005130 0.00776249 0.49630646
0.00005139 0.00155116 0.49785762
0.00005188 0.00103760 0.49889522
0.00005300 0.00768500 0.50658022
0.00005399 0.00253542 0.50911564
0.00005500 0.00233991 0.51145555
0.00005510 0.00275500 0.51421055
0.00005532 0.00102687 0.51523743
0.00005899 0.00019820 0.51543563
0.00005900 0.00088930 0.51632493
0.00006000 0.00546047 0.52178540
0.00006151 0.01018462 0.53197001
0.00006500 0.00097094 0.53294096
0.00006516 0.05023253 0.58317349
0.00006851 0.00023019 0.58340367
0.00006852 0.00075984 0.58416352
0.00006900 0.00069000 0.58485352
0.00007000 0.00964106 0.59449458
0.00007151 0.00715100 0.60164558
0.00007420 0.00022260 0.60186818
0.00007600 0.04823720 0.65010538
0.00007934 0.00026658 0.65037196
0.00007935 0.00238050 0.65275246
0.00008000 0.00016000 0.65291246
0.00008379 0.00209475 0.65500721
0.00008452 0.00114102 0.65614823
