DATE -- CURRENCY -- LAST -- QUOTE_VOLUME -- PER_CHG -- 24_HIGH -- 24_LOW -- HIGH_BID -- LOW_ASK -- BASE_VOLUME - ID - F -
2020-02-24 12:33:25 BTC_GNT 0.00000643 44652.45623149 0.00312012 0.00000664 0.00000632 0.00000640 0.00000644 0.94047748 185 0
2020-02-24 12:32:54 BTC_GNT 0.00000643 44652.45623149 0.00312012 0.00000664 0.00000632 0.00000640 0.00000646 0.94047748 185 0
2020-02-24 12:32:42 BTC_GNT 0.00000643 44652.45623149 0.00312012 0.00000664 0.00000632 0.00000640 0.00000646 0.94047748 185 0
2020-02-24 12:32:12 BTC_GNT 0.00000643 44652.45623149 0.00312012 0.00000664 0.00000632 0.00000640 0.00000646 0.94047748 185 0
2020-02-24 12:31:42 BTC_GNT 0.00000643 44652.45623149 0.00312012 0.00000664 0.00000632 0.00000640 0.00000646 0.94047748 185 0
2020-02-24 12:31:12 BTC_GNT 0.00000643 44652.45623149 0.00312012 0.00000664 0.00000632 0.00000640 0.00000646 0.94047748 185 0
2020-02-24 12:30:42 BTC_GNT 0.00000643 44652.45623149 0.00312012 0.00000664 0.00000632 0.00000640 0.00000646 0.94047748 185 0
2020-02-24 12:30:11 BTC_GNT 0.00000643 44652.45623149 0.00312012 0.00000664 0.00000632 0.00000640 0.00000646 0.94047748 185 0
2020-02-24 12:29:41 BTC_GNT 0.00000643 44652.45623149 0.00312012 0.00000664 0.00000632 0.00000640 0.00000646 0.94047748 185 0
2020-02-24 12:29:11 BTC_GNT 0.00000643 44652.45623149 0.00312012 0.00000664 0.00000632 0.00000641 0.00000646 0.94047748 185 0
2020-02-24 12:28:41 BTC_GNT 0.00000643 44652.45623149 0.00312012 0.00000664 0.00000632 0.00000640 0.00000646 0.94047748 185 0
2020-02-24 12:28:11 BTC_GNT 0.00000643 44652.45623149 0.00312012 0.00000664 0.00000632 0.00000640 0.00000646 0.94047748 185 0
2020-02-24 12:27:40 BTC_GNT 0.00000643 44652.45623149 0.00312012 0.00000664 0.00000632 0.00000640 0.00000646 0.94047748 185 0
2020-02-24 12:27:10 BTC_GNT 0.00000643 44652.45623149 0.00312012 0.00000664 0.00000632 0.00000640 0.00000646 0.94047748 185 0
2020-02-24 12:26:40 BTC_GNT 0.00000643 44652.45623149 0.00312012 0.00000664 0.00000632 0.00000641 0.00000646 0.94047748 185 0
2020-02-24 12:26:10 BTC_GNT 0.00000643 44652.45623149 0.00312012 0.00000664 0.00000632 0.00000641 0.00000646 0.94047748 185 0
2020-02-24 12:25:39 BTC_GNT 0.00000643 44652.45623149 0.00312012 0.00000664 0.00000632 0.00000641 0.00000646 0.94047748 185 0
2020-02-24 12:25:09 BTC_GNT 0.00000643 44652.45623149 0.00312012 0.00000664 0.00000632 0.00000641 0.00000646 0.94047748 185 0
2020-02-24 12:23:56 BTC_GNT 0.00000643 44652.45623149 0.00312012 0.00000664 0.00000632 0.00000642 0.00000646 0.94047748 185 0
