DATE -- CURRENCY -- LAST -- QUOTE_VOLUME -- PER_CHG -- 24_HIGH -- 24_LOW -- HIGH_BID -- LOW_ASK -- BASE_VOLUME - ID - F -
2020-02-24 12:33:25 BTC_CVC 0.00000309 3931.31816187 0.00324675 0.00000317 0.00000302 0.00000306 0.00000310 0.23173001 194 0
2020-02-24 12:32:54 BTC_CVC 0.00000309 3931.31816187 0.00324675 0.00000317 0.00000302 0.00000306 0.00000310 0.23173001 194 0
2020-02-24 12:32:42 BTC_CVC 0.00000309 3931.31816187 0.00324675 0.00000317 0.00000302 0.00000306 0.00000310 0.23173001 194 0
2020-02-24 12:32:12 BTC_CVC 0.00000309 3931.31816187 0.00324675 0.00000317 0.00000302 0.00000306 0.00000310 0.23173001 194 0
2020-02-24 12:31:42 BTC_CVC 0.00000309 3931.31816187 0.00324675 0.00000317 0.00000302 0.00000306 0.00000310 0.23173001 194 0
2020-02-24 12:31:12 BTC_CVC 0.00000309 3931.31816187 0.00324675 0.00000317 0.00000302 0.00000306 0.00000310 0.23173001 194 0
2020-02-24 12:30:42 BTC_CVC 0.00000309 3931.31816187 0.00324675 0.00000317 0.00000302 0.00000306 0.00000310 0.23173001 194 0
2020-02-24 12:30:11 BTC_CVC 0.00000309 3931.31816187 0.00324675 0.00000317 0.00000302 0.00000306 0.00000310 0.23173001 194 0
2020-02-24 12:29:41 BTC_CVC 0.00000309 3931.31816187 0.00324675 0.00000317 0.00000302 0.00000306 0.00000310 0.23173001 194 0
2020-02-24 12:29:11 BTC_CVC 0.00000309 3931.31816187 0.00324675 0.00000317 0.00000302 0.00000306 0.00000310 0.23173001 194 0
2020-02-24 12:28:41 BTC_CVC 0.00000309 3931.31816187 0.00324675 0.00000317 0.00000302 0.00000306 0.00000310 0.23173001 194 0
2020-02-24 12:28:11 BTC_CVC 0.00000309 3931.31816187 0.00324675 0.00000317 0.00000302 0.00000306 0.00000310 0.23173001 194 0
2020-02-24 12:27:40 BTC_CVC 0.00000309 3931.31816187 0.00324675 0.00000317 0.00000302 0.00000306 0.00000310 0.23173001 194 0
2020-02-24 12:27:10 BTC_CVC 0.00000309 3963.81816187 0.00324675 0.00000317 0.00000302 0.00000306 0.00000310 0.23183011 194 0
2020-02-24 12:26:40 BTC_CVC 0.00000309 3963.81816187 0.00324675 0.00000317 0.00000302 0.00000306 0.00000310 0.23183011 194 0
2020-02-24 12:26:10 BTC_CVC 0.00000309 3963.81816187 0.00324675 0.00000317 0.00000302 0.00000306 0.00000310 0.23183011 194 0
2020-02-24 12:25:39 BTC_CVC 0.00000309 3963.81816187 0.00324675 0.00000317 0.00000302 0.00000304 0.00000310 0.23183011 194 0
2020-02-24 12:25:09 BTC_CVC 0.00000309 3963.81816187 0.00324675 0.00000317 0.00000302 0.00000306 0.00000312 0.23183011 194 0
2020-02-24 12:23:56 BTC_CVC 0.00000309 3963.81816187 0.00324675 0.00000317 0.00000302 0.00000308 0.00000312 0.23183011 194 0
