2020-02-25 13:57:39 -- PRICES -- QUANTITY -- SUM
0.02687699 0.10750796 2.23889839
0.02689486 0.12951493 2.36841332
0.02689487 0.07537871 2.44379203
0.02689912 0.19048288 2.63427491
0.02689913 0.43038608 3.06466099
0.02689987 2.20578934 5.27045033
0.02690881 0.76655883 6.03700917
0.02690882 0.49243141 6.52944057
0.02691788 0.08075364 6.61019421
0.02692057 0.00013759 6.61033180
0.02692172 0.40382580 7.01415760
0.02692246 0.08076738 7.09492498
0.02692814 0.13464070 7.22956568
0.02692816 0.26903925 7.49860493
0.02693348 0.48480264 7.98340757
0.02694535 0.51196165 8.49536922
0.02695779 0.50680645 9.00217567
0.02695819 0.01613438 9.01831005
0.02700000 0.00054000 9.01885005
0.02700638 0.40374538 9.42259543
0.02701368 1.98468477 11.40728020
0.02702530 0.00219294 11.40947314
0.02702732 1.36704185 12.77651499
0.02703695 0.01548910 12.79200409
0.02704000 0.00011225 12.79211633
0.02705204 0.00110000 12.79321633
0.02705518 0.00013759 12.79335393
0.02705868 0.02821420 12.82156813
0.02706827 0.00111067 12.82267880
0.02707700 0.00038668 12.82306548
0.02708870 0.07225152 12.89531700
0.02708999 0.07694448 12.97226148
0.02709697 0.10838788 13.08064936
0.02709766 0.00266285 13.08331221
0.02710000 0.16274905 13.24606126
0.02710794 0.00019622 13.24625748
0.02711387 0.10178332 13.34804080
0.02712401 0.00060000 13.34864080
0.02712772 13.19004002 26.53868082
0.02713062 0.00055220 26.53923302
0.02716223 1.37163203 27.91086505
0.02716225 0.01625651 27.92712156
0.02719046 0.00013759 27.92725915
0.02720000 0.00041324 27.92767239
0.02723987 0.00157815 27.92925054
0.02724790 0.00135693 27.93060747
0.02728812 0.01100000 27.94160747
0.02728990 0.00038972 27.94199720
0.02730000 0.16435965 28.10635685
